20241001,100400,267.08,267.08,267.08,267.08,1,0
20241001,100700,268.12,268.12,268.12,268.12,1,0
20241001,100800,268,268,268,268,1,0
20241001,101000,268.25,268.64,268.12,268.12,3,0
20241001,101100,268.43,268.46,268.43,268.46,4,0
20241001,101200,268.04,268.04,268.02,268.02,3,0
20241001,101500,267.01,267.01,267.01,267.01,5,0
20241001,101800,267.77,267.77,267.77,267.77,5,0
20241001,101900,268.03,268.03,267.97,267.97,18,0
20241001,102100,267.94,267.94,267.47,267.47,2,0
20241001,102300,267.89,267.89,267.89,267.89,1,0
20241001,102500,267.35,267.35,267.35,267.35,135,0
20241001,102900,268.43,268.43,268.43,268.43,1,0
20241001,103800,267.76,267.76,267.76,267.76,1,0
20241001,104400,267.96,267.96,267.76,267.8,12,0
20241001,104800,267.7,267.7,267.7,267.7,15,0
20241001,104900,267.5,267.5,267.5,267.5,2,0
20241001,105100,267.65,267.65,267.65,267.65,2,0
20241001,105300,267.65,267.65,267.65,267.65,1,0
20241001,105700,267.55,267.55,267.49,267.51,105,0
20241001,105900,267.58,267.58,267.58,267.58,20,0
20241001,110000,267.49,267.49,267.49,267.49,150,0
20241001,110100,267.44,267.44,267.44,267.44,2,0
20241001,110200,267.65,267.78,267.65,267.78,6,0
20241001,110400,267.92,267.92,267.92,267.92,1,0
20241001,110500,267.41,267.41,267.41,267.41,1,0
20241001,111100,268.11,268.11,268.11,268.11,1,0
20241001,111400,267.45,267.45,267.25,267.25,2,0
20241001,111800,267.87,267.87,267.87,267.87,10,0
20241001,111900,267.7,267.7,267.7,267.7,17,0
20241001,112100,267.54,267.54,267.4,267.48,4,0
20241001,112200,267.45,267.45,267.2,267.2,105,0
20241001,112300,267.2,267.2,266.89,266.95,9,0
20241001,112700,266.62,266.65,266.62,266.65,56,0
20241001,112800,266.93,266.93,266.93,266.93,1,0
20241001,113000,266.59,266.59,266.49,266.49,19,0
20241001,113100,266.45,266.45,266.45,266.45,20,0
20241001,113200,266.29,266.29,266.29,266.29,1,0
20241001,113300,266.15,266.15,266.15,266.15,20,0
20241001,113400,266.4,266.4,266.4,266.4,15,0
20241001,113600,266.08,266.08,266.08,266.08,16,0
20241001,113700,265.97,266.04,265.97,266.04,16,0
20241001,114200,266.21,266.21,266.2,266.2,20,0
20241001,114300,266.2,266.21,266.2,266.21,6,0
20241001,115000,266,266,266,266,1,0
20241001,115100,265.8,265.8,265.79,265.79,11,0
20241001,115400,265.2,265.23,265.2,265.23,4,0
20241001,115600,265.06,265.06,265.06,265.06,6,0
20241001,115800,265.52,265.52,265.52,265.52,50,0
20241001,115900,265.77,265.77,265.77,265.77,135,0
20241001,120100,265.63,265.63,265.44,265.44,57,0
20241001,120500,265.34,265.34,265.34,265.34,50,0
20241001,120700,265.43,265.43,265.43,265.43,4,0
20241001,121000,265.31,265.31,265.31,265.31,10,0
20241001,121100,265.2,265.2,264.85,264.85,186,0
20241001,121600,265.36,265.36,265.36,265.36,6,0
20241001,122100,265.95,265.95,265.95,265.95,2,0
20241001,122400,265.92,265.92,265.92,265.92,3,0
20241001,122800,265.69,265.95,265.69,265.95,96,0
20241001,123300,265.6,265.6,265.6,265.6,5,0
20241001,123400,265.69,265.69,265.69,265.69,1,0
20241001,123600,265.14,265.14,265.11,265.11,13,0
20241001,123900,265.47,265.47,265.47,265.47,3,0
20241001,124000,265.47,265.48,265.47,265.48,45,0
20241001,124100,265.47,265.6,265.47,265.6,12,0
20241001,125500,266.33,266.33,266.33,266.33,2,0
20241001,125700,266.46,266.46,266.46,266.46,50,0
20241001,125800,266.55,266.55,266.55,266.55,5,0
20241001,125900,266.56,266.56,266.56,266.56,5,0
20241001,130000,266.56,266.56,266.56,266.56,1,0
20241001,130200,266.84,266.84,266.75,266.75,5,0
20241001,130300,266.49,266.49,266.49,266.49,5,0
20241001,130400,266.43,266.43,266.14,266.2,105,0
20241001,130500,266.14,266.14,266.14,266.14,10,0
20241001,130900,266.2,266.2,266.2,266.2,1,0
20241001,131000,266.21,266.21,266.21,266.21,20,0
20241001,131100,266.26,266.26,266.26,266.26,20,0
20241001,131200,266,266.07,265.99,266.07,12,0
20241001,131400,266.21,266.21,266.21,266.21,2,0
20241001,132400,266.8,266.8,266.8,266.8,15,0
20241001,132500,266.92,266.92,266.92,266.92,1,0
20241001,132700,267.06,267.07,267.06,267.07,35,0
20241001,132900,266.68,266.68,266.68,266.68,1,0
20241001,133400,266.56,266.56,266.56,266.56,1,0
20241001,133500,266.51,266.51,266.5,266.5,60,0
20241001,133600,266.21,266.21,266.21,266.21,1,0
20241001,133700,266.1,266.1,266.1,266.1,1,0
20241001,133800,266.1,266.18,266.1,266.18,51,0
20241001,133900,266,266,266,266,27,0
20241001,134000,266.04,266.04,266.04,266.04,101,0
20241001,134100,265.99,265.99,265.99,265.99,50,0
20241001,134300,265.92,265.92,265.92,265.92,1,0
20241001,134500,265.93,265.93,265.93,265.93,1,0
20241001,134600,265.92,265.92,265.92,265.92,5,0
20241001,135300,266.16,266.16,266.16,266.16,1,0
20241001,135600,266.08,266.08,266.08,266.08,50,0
20241001,135900,265.7,265.7,265.65,265.65,107,0
20241001,140500,266.22,266.22,266.22,266.22,50,0
20241001,140700,265.7,265.7,265.7,265.7,2,0
20241001,140800,265.65,265.65,265.65,265.65,1,0
20241001,140900,265.5,265.5,265.5,265.5,1,0
20241001,141000,265.5,265.5,265.5,265.5,1,0
20241001,141200,265.65,265.78,265.65,265.78,50,0
20241001,141300,265.35,265.35,265.35,265.35,10,0
20241001,141700,265.3,265.3,265.2,265.2,2,0
20241001,141900,265.4,265.52,265.4,265.52,75,0
20241001,142100,265.91,265.92,265.49,265.49,12,0
20241001,142500,265.77,265.77,265.77,265.77,5,0
20241001,142700,265.33,265.33,265.33,265.33,1,0
20241001,142800,265.74,265.74,265.74,265.74,1,0
20241001,143200,265.3,265.3,265.3,265.3,4,0
20241001,143300,265.3,265.3,265.3,265.3,1,0
20241001,143400,265.55,265.61,265.55,265.61,90,0
20241001,143900,265.98,265.98,265.98,265.98,2,0
20241001,144000,265.47,265.47,265.47,265.47,1,0
20241001,144500,265.88,266.46,265.88,266.02,57,0
20241001,144600,266.47,266.48,266.47,266.48,150,0
20241001,144800,266.43,266.53,266.43,266.53,200,0
20241001,144900,266.5,266.5,266.5,266.5,200,0
20241001,145000,266.49,266.52,266.49,266.52,32,0
20241001,145100,266.51,266.51,266.51,266.51,1,0
20241001,145200,266.51,266.56,266.12,266.12,270,0
20241001,145700,266.66,266.99,266.66,266.99,301,0
20241001,150200,267.03,267.19,267.03,267.19,24,0
20241001,150400,267.11,267.11,267.11,267.11,3,0
20241001,150500,267.11,267.11,267.11,267.11,1,0
20241001,151100,267.09,267.09,267.09,267.09,2,0
20241001,151200,266.6,266.6,266.59,266.59,26,0
20241001,151600,266.56,266.56,266.5,266.5,41,0
20241001,151700,266.51,266.51,266.5,266.5,80,0
20241001,151800,266.5,266.5,266.5,266.5,184,0
20241001,151900,266.45,266.51,266.4,266.51,303,0
20241001,152000,266.41,266.41,266.4,266.4,69,0
20241001,152100,266.26,266.27,266.26,266.27,2,0
20241001,152200,266.3,266.3,266.3,266.3,171,0
20241001,152600,266.39,266.39,266.39,266.39,1,0
20241001,152700,266.3,266.3,266.3,266.3,100,0
20241001,152800,266.23,266.23,266.23,266.23,1,0
20241001,153500,266.07,266.1,266.07,266.1,2,0
20241001,154000,266.09,266.16,266.09,266.16,2,0
20241001,154300,266.41,266.41,266.41,266.41,5,0
20241001,155200,266.15,266.15,266.15,266.15,2,0
20241001,155600,266.17,266.17,266.17,266.17,10,0
20241001,155700,266.15,266.15,266.02,266.02,13,0
20241001,155900,266,266.02,266,266,54,0
20241001,160000,265.78,265.78,265.77,265.77,3,0
20241001,160100,265.51,265.51,265.51,265.51,1,0
20241001,160600,265.75,265.75,265.75,265.75,1,0
20241001,160800,265.56,265.56,265.39,265.39,13,0
20241001,160900,265.39,265.39,265.39,265.39,2,0
20241001,161200,265.39,265.39,265.39,265.39,2,0
20241001,161700,265.56,265.56,265.4,265.55,51,0
20241001,161800,265.41,265.41,265.36,265.36,16,0
20241001,161900,265.39,265.39,265.19,265.19,22,0
20241001,162000,265.02,265.02,265,265,9,0
20241001,162100,265.34,265.62,265.34,265.62,3,0
20241001,162400,265.17,265.17,265,265,57,0
20241001,162500,264.9,264.9,264.9,264.9,1,0
20241001,162700,264.69,264.69,264.69,264.69,2,0
20241001,162900,264.77,264.8,264.77,264.8,2,0
20241001,163100,264.5,264.5,264.5,264.5,1,0
20241001,163200,264.78,264.84,264.78,264.84,9,0
20241001,163300,264.61,264.61,264.5,264.5,3,0
20241001,163700,265.01,265.5,265.01,265.5,4,0
20241001,163800,266,266,266,266,10,0
20241001,164400,266.5,266.5,266.5,266.5,1,0
20241001,165200,266.3,266.4,266.3,266.4,22,0
20241001,165300,266.5,266.5,266.5,266.5,1,0
20241001,165700,266.37,266.37,266.37,266.37,1,0
20241001,170700,266.89,266.98,266.89,266.98,31,0
20241001,170800,267,267.2,267,267.2,3,0
20241001,172400,266.88,266.88,266.88,266.88,4,0
20241001,172700,266.71,266.71,266.71,266.71,1,0
20241001,173800,267.1,267.2,267.1,267.2,7,0
20241001,173900,267.36,267.36,267.36,267.36,1,0
20241001,174000,267.2,267.2,267.2,267.2,2,0
20241001,174500,266.67,266.67,266.61,266.61,11,0
20241001,175200,267.11,267.11,267.11,267.11,100,0
20241001,175300,267.14,267.14,267.14,267.14,50,0
20241001,175400,267.14,267.17,267.14,267.17,27,0
20241001,175900,267.18,267.18,267.17,267.17,15,0
20241001,180000,267.17,267.17,267.17,267.17,161,0
20241001,180100,267.5,267.5,267.5,267.5,1,0
20241001,180300,267.75,267.75,267.5,267.75,3,0
20241001,180400,267.78,267.78,267.78,267.78,1,0
20241001,180500,267.5,267.5,267.5,267.5,10,0
20241001,180600,267.49,267.49,267.49,267.49,5,0
20241001,180700,267.46,267.46,267.46,267.46,2,0
20241001,180800,267.46,267.46,267.46,267.46,5,0
20241001,181000,267.47,267.47,267.47,267.47,4,0
20241001,182000,267.35,267.35,267.34,267.34,20,0
20241001,182100,267.38,267.38,267.38,267.38,30,0
20241001,183200,267.46,267.46,267.46,267.46,1,0
20241001,183400,267.38,267.38,267.35,267.35,32,0
20241001,183500,267.35,267.35,267.35,267.35,1,0
20241001,183600,267.09,267.09,267.09,267.09,1,0
20241001,183700,267,267,267,267,1,0
20241001,184000,266.56,266.59,266.56,266.56,11,0
20241001,184600,266.85,266.85,266.85,266.85,1,0
20241001,184900,266.87,266.87,266.87,266.87,1,0
20241001,190500,266.87,266.87,266.87,266.87,4,0
20241001,190600,267,267.4,267,267.4,5,0
20241001,190900,267,267,267,267,1,0
20241001,191100,267,267,266.99,266.99,33,0
20241001,191700,266.88,266.88,266.82,266.82,20,0
20241001,191800,266.6,266.61,266.6,266.61,2,0
20241001,191900,266.34,266.34,266.34,266.34,1,0
20241001,192400,266.82,266.82,266.82,266.82,1,0
20241001,193000,266.34,266.34,266.01,266.01,8,0
20241001,194800,266.64,266.66,266.64,266.66,2,0
20241001,194900,266.66,266.66,266.66,266.66,9,0
20241001,195600,266.67,266.67,266.67,266.67,6,0
20241001,195800,266.99,266.99,266.99,266.99,1,0
20241001,200000,266.99,267.22,266.99,267.22,40,0
20241001,200100,267.3,267.33,267.3,267.33,50,0
20241001,200300,267.32,267.32,267.32,267.32,1,0
20241001,200500,267.33,267.33,267.33,267.33,1,0
20241001,200700,267.21,267.21,267.21,267.21,35,0
20241001,201100,266.75,266.75,266.75,266.75,1,0
20241001,201800,266.87,266.87,266.87,266.87,1,0
20241001,202000,266.96,266.96,266.96,266.96,1,0
20241001,202200,266.96,267.02,266.96,267.02,10,0
20241001,202400,266.88,266.88,266.88,266.88,100,0
20241001,203600,267.09,267.09,267.09,267.09,1,0
20241001,204600,266.89,266.89,266.89,266.89,14,0
20241001,204900,266.72,266.72,266.72,266.72,4,0
20241001,205000,266.84,266.84,266.84,266.84,5,0
20241001,205400,266.67,266.67,266.67,266.67,12,0
20241001,205500,266.56,266.56,266.56,266.56,2,0
20241001,205600,266.59,266.59,266.59,266.59,1,0
20241001,211100,266.34,266.34,266.34,266.34,1,0
20241001,211300,266.22,266.22,266,266.06,13,0
20241001,211400,266.04,266.04,266.04,266.04,1,0
20241001,211500,266.03,266.03,266.03,266.03,1,0
20241001,211600,266.03,266.03,265.9,266.02,19,0
20241001,211700,266.02,266.02,265.9,265.9,4,0
20241001,212500,265.7,265.7,265.33,265.33,15,0
20241001,213400,265.95,265.95,265.95,265.95,15,0
20241001,214000,266.2,266.35,266.2,266.35,10,0
20241001,214200,266.29,266.3,266.29,266.3,5,0
20241001,220900,266.71,266.71,266.71,266.71,6,0
20241001,221700,266.66,266.66,266.66,266.66,1,0
20241001,221800,266.66,266.66,266.66,266.66,1,0
20241001,222600,266.66,266.66,266.66,266.66,1,0
20241001,222900,266.74,266.74,266.74,266.74,1,0
20241001,224100,266.74,266.74,266.74,266.74,10,0
20241001,224900,266.67,266.67,266.67,266.67,1,0
20241001,225400,266.52,266.52,266.52,266.52,1,0
20241001,230500,266.73,266.73,266.73,266.73,1,0
20241001,231200,266.5,266.5,266.5,266.5,1,0
20241001,232300,266.58,266.58,266.58,266.58,1,0
20241001,232700,266.67,266.67,266.67,266.67,1,0
20241001,233000,266.87,266.87,266.87,266.87,1,0
20241001,234600,266.89,266.89,266.89,266.89,1,0
20241002,095900,266.8,266.8,266.8,266.8,1,0
20241002,100000,266.8,266.8,266.8,266.8,4,0
20241002,100100,267,267,267,267,1,0
20241002,100200,267.11,267.11,266.67,266.67,171,0
20241002,100700,267.12,267.12,267.1,267.1,60,0
20241002,101100,267.43,267.44,267.43,267.44,2,0
20241002,101200,267.76,267.76,267.76,267.76,2,0
20241002,101300,267.52,267.52,267.51,267.51,6,0
20241002,101400,267.51,267.51,267.49,267.49,10,0
20241002,101500,267.81,268.02,267.55,268.02,62,0
20241002,101600,268.04,268.04,268.04,268.04,6,0
20241002,102200,267.54,267.54,267.54,267.54,2,0
20241002,102500,267.56,267.56,267.56,267.56,1,0
20241002,102900,267.74,267.74,267.74,267.74,1,0
20241002,103000,267.77,267.78,267.77,267.78,5,0
20241002,103200,267.78,267.9,267.78,267.9,12,0
20241002,103400,268.04,268.04,268.04,268.04,6,0
20241002,103500,267.96,267.96,267.95,267.95,4,0
20241002,103700,268,268,267.95,267.95,13,0
20241002,103800,267.55,267.55,267.54,267.54,2,0
20241002,103900,267.53,267.53,267.53,267.53,1,0
20241002,104000,267.73,267.76,267.73,267.76,2,0
20241002,104300,267.65,267.65,267.65,267.65,1,0
20241002,104900,267.7,267.7,267.7,267.7,1,0
20241002,105000,267.78,267.78,267.78,267.78,1,0
20241002,105100,267.94,267.94,267.94,267.94,1,0
20241002,105300,267.94,267.94,267.94,267.94,12,0
20241002,105400,267.67,267.67,267.66,267.66,4,0
20241002,105700,267.88,267.88,267.88,267.88,4,0
20241002,110300,267.77,267.77,267.55,267.55,3,0
20241002,111000,267.77,267.78,267.77,267.78,2,0
20241002,111500,267.78,267.78,267.78,267.78,1,0
20241002,111800,267.92,268.14,267.92,268.14,11,0
20241002,111900,268.15,268.15,268.15,268.15,1,0
20241002,112600,267.93,267.95,267.93,267.95,10,0
20241002,113100,267.81,267.81,267.8,267.8,2,0
20241002,113400,267.84,268.01,267.84,268.01,11,0
20241002,114300,267.81,267.81,267.81,267.81,1,0
20241002,114500,267.75,267.75,267.61,267.61,27,0
20241002,114900,267.68,267.68,267.68,267.68,5,0
20241002,115000,267.86,268,267.86,268,10,0
20241002,115300,267.94,267.94,267.94,267.94,5,0
20241002,115400,268,268,268,268,5,0
20241002,115500,268,268,268,268,5,0
20241002,115600,268,268,268,268,111,0
20241002,115700,268,268,268,268,15,0
20241002,115900,268,268,268,268,11,0
20241002,120100,268,268,268,268,51,0
20241002,120200,267.58,267.58,267.58,267.58,10,0
20241002,120300,267.56,267.56,267.56,267.56,21,0
20241002,120400,267.55,267.55,267.49,267.49,14,0
20241002,120500,267.4,267.4,267.4,267.4,2,0
20241002,121400,267.25,267.25,267.25,267.25,4,0
20241002,121900,267.25,267.25,267.25,267.25,1,0
20241002,122200,267.59,267.59,267.59,267.59,5,0
20241002,122900,267.47,267.47,267.47,267.47,1,0
20241002,123000,267.53,267.53,267.53,267.53,10,0
20241002,123500,267.54,267.54,267.25,267.25,21,0
20241002,123600,267.24,267.24,267.24,267.24,1,0
20241002,124000,267,267.01,266.65,266.65,28,0
20241002,124200,266.88,266.89,266.88,266.89,12,0
20241002,124300,266.94,266.95,266.94,266.95,5,0
20241002,130600,266.77,266.77,266.77,266.77,1,0
20241002,132000,266.84,266.84,266.84,266.84,5,0
20241002,132600,266.78,266.78,266.78,266.78,1,0
20241002,134200,266.78,266.78,266.78,266.78,4,0
20241002,134300,266.77,266.77,266.77,266.77,1,0
20241002,134700,266.66,266.66,266.66,266.66,5,0
20241002,135000,266.65,266.65,266.65,266.65,1,0
20241002,135100,266.64,266.64,266.64,266.64,1,0
20241002,135400,266.6,266.6,266.6,266.6,11,0
20241002,135700,266.53,266.53,266,266,21,0
20241002,135800,266,266,266,266,7,0
20241002,135900,266.02,266.02,266.02,266.02,1,0
20241002,140600,265.95,265.95,265.95,265.95,2,0
20241002,140800,266.11,266.11,266.11,266.11,2,0
20241002,141100,266.11,266.11,266.11,266.11,1,0
20241002,141500,266.17,266.17,266.17,266.17,14,0
20241002,141600,266.17,266.17,266.17,266.17,5,0
20241002,141800,266.18,266.18,266.18,266.18,1,0
20241002,142500,266.12,266.2,266.12,266.2,6,0
20241002,142600,266.2,266.2,266.2,266.2,1,0
20241002,142700,266.09,266.09,266.09,266.09,1,0
20241002,142800,266.09,266.09,266.09,266.09,2,0
20241002,142900,266.14,266.14,266.14,266.14,8,0
20241002,143200,266.14,266.14,266.14,266.14,1,0
20241002,143500,266.06,266.06,266.06,266.06,1,0
20241002,143800,266.14,266.14,266.14,266.14,5,0
20241002,144400,266.14,266.14,266.06,266.06,2,0
20241002,145300,266,266,266,266,4,0
20241002,145400,266,266,266,266,1,0
20241002,145500,265.94,265.94,265.92,265.92,2,0
20241002,145600,265.91,265.91,265.85,265.85,7,0
20241002,145700,265.51,265.51,265.51,265.51,1,0
20241002,145800,265.74,265.74,265.74,265.74,1,0
20241002,145900,265.56,265.56,265.56,265.56,1,0
20241002,150100,265.56,265.56,265.56,265.56,9,0
20241002,150200,265.5,265.5,265.5,265.5,1,0
20241002,151100,265.4,265.58,265.4,265.4,40,0
20241002,151300,265.4,265.4,265.4,265.4,1,0
20241002,151400,265.36,265.36,265.36,265.36,5,0
20241002,151600,265.35,265.36,265.35,265.36,2,0
20241002,151800,265.34,265.34,265.29,265.29,4,0
20241002,152000,265.22,265.22,264.96,264.96,40,0
20241002,152400,264.99,264.99,264.99,264.99,1,0
20241002,152600,264.9,264.9,264.9,264.9,1,0
20241002,152800,264.88,264.88,264.88,264.88,5,0
20241002,153000,264.98,264.98,264.92,264.92,20,0
20241002,153300,265.03,265.03,265.03,265.03,1,0
20241002,153400,265.03,265.03,264.87,264.87,47,0
20241002,153500,264.69,264.69,264.69,264.69,1,0
20241002,153900,264.88,264.94,264.64,264.64,46,0
20241002,154400,264.58,264.78,264.55,264.78,80,0
20241002,154500,264.55,264.76,264.55,264.76,11,0
20241002,154600,264.69,264.69,264.69,264.69,1,0
20241002,154700,264.65,264.65,264.65,264.65,1,0
20241002,154800,264.55,264.55,264.15,264.15,48,0
20241002,154900,264.14,264.16,264.14,264.16,3,0
20241002,155100,264.66,264.67,264.66,264.67,14,0
20241002,155300,264.66,264.66,264.66,264.66,1,0
20241002,155800,264.8,264.8,264.8,264.8,1,0
20241002,155900,264.77,264.77,264.77,264.77,16,0
20241002,160000,264.77,264.77,264.77,264.77,79,0
20241002,160100,264.66,264.66,264.66,264.66,1,0
20241002,160400,264.36,264.36,264.3,264.3,31,0
20241002,160700,264.39,264.39,264.39,264.39,1,0
20241002,161300,264.6,264.72,264.6,264.72,8,0
20241002,161400,265.05,265.05,264.88,264.88,7,0
20241002,162000,264.85,264.85,264.85,264.85,5,0
20241002,162200,264.63,264.63,264.45,264.45,13,0
20241002,162500,264.44,264.44,264.31,264.31,4,0
20241002,162600,264.09,264.09,264,264,6,0
20241002,162700,264.01,264.01,264.01,264.01,5,0
20241002,163000,264.01,264.01,264,264,59,0
20241002,163500,263.96,263.96,263.96,263.96,1,0
20241002,163600,263.95,263.95,263.92,263.92,6,0
20241002,163700,263.94,263.94,263.94,263.94,4,0
20241002,163800,263.88,263.88,263.88,263.88,1,0
20241002,163900,263.88,263.88,263.88,263.88,1,0
20241002,164000,264.06,264.07,264.06,264.07,4,0
20241002,164400,264.13,264.13,264.13,264.13,1,0
20241002,164600,264.13,264.13,264.13,264.13,1,0
20241002,164900,264.2,264.2,264.2,264.2,2,0
20241002,165100,264.25,264.25,264.25,264.25,1,0
20241002,165300,264.25,264.28,264.25,264.25,17,0
20241002,170000,264.49,264.49,264.49,264.49,1,0
20241002,170100,264.5,264.5,264.5,264.5,10,0
20241002,170500,264.5,264.51,264.5,264.51,3,0
20241002,170600,264.5,264.5,264.36,264.36,17,0
20241002,170700,264.34,264.34,264.34,264.34,5,0
20241002,170800,264.29,264.29,264.29,264.29,5,0
20241002,170900,264.4,264.4,264.4,264.4,10,0
20241002,171000,264.15,264.15,264.15,264.15,1,0
20241002,171200,264,264,263.88,263.88,11,0
20241002,171300,263.88,263.88,263.82,263.82,29,0
20241002,171400,263.56,263.56,263.56,263.56,1,0
20241002,171600,263.66,264,263.66,264,25,0
20241002,171700,263.66,263.66,263.58,263.58,4,0
20241002,172000,263.54,263.72,263.54,263.72,15,0
20241002,172500,263.67,263.67,263.67,263.67,5,0
20241002,172600,263.72,263.72,263.72,263.72,225,0
20241002,172700,263.51,263.51,263.51,263.51,1,0
20241002,172800,263.51,263.51,263.5,263.5,5,0
20241002,172900,263.4,263.4,263.33,263.33,22,0
20241002,173100,263,263.22,262.84,263.16,18,0
20241002,173200,263.15,263.22,263.15,263.22,14,0
20241002,173300,263.34,263.34,263.17,263.34,22,0
20241002,173400,263.27,263.28,263.27,263.28,9,0
20241002,173600,263.35,263.53,263.04,263.04,100,0
20241002,173700,263,263,263,263,5,0
20241002,173900,263.13,263.43,263.07,263.43,11,0
20241002,174000,263.1,263.1,263.07,263.07,18,0
20241002,174100,263.07,263.09,263.07,263.09,4,0
20241002,174200,263.09,263.09,263.09,263.09,26,0
20241002,174300,263.07,263.07,263.07,263.07,1,0
20241002,174700,263.01,263.01,263,263,3,0
20241002,175200,263.4,263.4,263.4,263.4,1,0
20241002,175600,263.4,263.4,263.4,263.4,5,0
20241002,175800,263.12,263.12,263.12,263.12,45,0
20241002,175900,263,263,262.9,262.9,8,0
20241002,180000,262.9,262.9,262.12,262.12,12,0
20241002,180400,262.25,262.25,262.25,262.25,1,0
20241002,180500,262.12,262.12,262.12,262.12,40,0
20241002,180600,262,262.11,261.66,262.11,6,0
20241002,180700,262.04,262.04,262.04,262.04,1,0
20241002,180800,262.05,262.05,262.05,262.05,1,0
20241002,181100,262.44,262.44,262.44,262.44,1,0
20241002,181200,262.48,262.48,262.48,262.48,1,0
20241002,181300,262.5,262.5,262.5,262.5,10,0
20241002,181400,262.22,262.22,262.22,262.22,1,0
20241002,181600,262.11,262.11,261.86,261.87,380,0
20241002,181700,261.89,261.89,261.89,261.89,2,0
20241002,181900,261.89,261.89,261.75,261.75,3,0
20241002,182100,261.89,261.89,261.89,261.89,2,0
20241002,182300,261.54,261.54,261.29,261.51,51,0
20241002,182500,261.21,261.21,261.21,261.21,2,0
20241002,182600,261.1,261.1,261.08,261.08,2,0
20241002,182700,261.21,261.62,261.21,261.62,37,0
20241002,182900,261,261,261,261,3,0
20241002,183000,260.78,260.78,260.55,260.55,297,0
20241002,183100,260.78,260.93,260.5,260.86,25,0
20241002,183200,260.79,260.79,260.79,260.79,1,0
20241002,183300,260.73,260.73,260.4,260.4,17,0
20241002,183400,260.5,260.5,260.22,260.22,7,0
20241002,183500,260.41,260.53,260.41,260.53,8,0
20241002,183600,261.19,261.19,261.19,261.19,9,0
20241002,183800,261.11,261.11,260.92,260.92,3,0
20241002,183900,261.1,261.1,261.1,261.1,1,0
20241002,184100,260.63,260.63,260.63,260.63,1,0
20241002,184300,260.84,260.84,260.84,260.84,1,0
20241002,184500,260.32,260.33,259.97,260.33,21,0
20241002,184600,260.33,260.33,260.33,260.33,1,0
20241002,184700,260,260,260,260,4,0
20241002,184800,260,260.29,260,260.29,19,0
20241002,184900,259,259,259,259,1,0
20241002,190500,259.67,259.67,259.49,259.49,6,0
20241002,190800,259.6,259.6,259.6,259.6,1,0
20241002,190900,259.58,259.58,259.58,259.58,10,0
20241002,191200,260.16,260.16,260.16,260.16,2,0
20241002,191400,260.16,260.16,260.16,260.16,42,0
20241002,191500,260.16,260.16,260.16,260.16,305,0
20241002,191700,260,260,260,260,1,0
20241002,191900,259.69,259.69,259.58,259.58,23,0
20241002,192100,259,259,258.58,258.58,28,0
20241002,192200,258.89,258.89,258.89,258.89,1,0
20241002,192500,259.28,259.51,259.28,259.51,3,0
20241002,192600,259.2,259.2,259.2,259.2,5,0
20241002,192700,258.94,258.94,258.94,258.94,2,0
20241002,192800,259.49,259.49,259.49,259.49,1,0
20241002,192900,259.49,259.49,259.49,259.49,9,0
20241002,193600,259.89,259.9,259.89,259.9,3,0
20241002,193800,260.16,260.16,260.16,260.16,14,0
20241002,194500,260.03,260.03,260,260,10,0
20241002,194600,260.16,260.16,260,260.16,9,0
20241002,194800,260.16,260.16,260.16,260.16,6,0
20241002,194900,260.05,260.09,260,260,72,0
20241002,195100,259.91,259.91,259.91,259.91,2,0
20241002,195200,259.9,259.9,259.9,259.9,1,0
20241002,195300,259.9,259.9,259.9,259.9,1,0
20241002,195600,259.72,259.72,259.72,259.72,5,0
20241002,195800,259.66,259.66,259.66,259.66,1,0
20241002,195900,259.7,259.7,259.7,259.7,4,0
20241002,200100,259.95,260,259.95,260,2,0
20241002,200300,260.29,260.29,260.29,260.29,1,0
20241002,200400,260.48,260.5,260.48,260.5,8,0
20241002,200900,260.32,260.32,260.32,260.32,100,0
20241002,201400,260.83,260.83,260.83,260.83,3,0
20241002,201800,260.32,260.32,260.32,260.32,1,0
20241002,201900,260.32,260.32,260.32,260.32,3,0
20241002,202000,260.38,260.38,260.38,260.38,1,0
20241002,202500,260.36,260.36,260.36,260.36,3,0
20241002,202600,260.36,260.36,260.36,260.36,2,0
20241002,202800,260.5,260.5,260.5,260.5,2,0
20241002,203400,260.65,260.65,260.65,260.65,7,0
20241002,203600,260.49,260.49,260.49,260.49,2,0
20241002,203700,260.32,260.55,260.32,260.55,3,0
20241002,203800,260.57,260.57,260.57,260.57,1,0
20241002,204400,260.59,260.59,260.59,260.59,2,0
20241002,204600,260.56,260.56,260.56,260.56,20,0
20241002,205000,260.56,260.56,260.56,260.56,8,0
20241002,205200,260.56,260.56,260.56,260.56,2,0
20241002,205400,260.5,260.62,260.5,260.62,2,0
20241002,205600,260.5,260.5,260.5,260.5,1,0
20241002,205700,260.62,260.62,260.62,260.62,1,0
20241002,210200,260.31,260.31,260.31,260.31,1,0
20241002,210300,260.31,260.31,260.31,260.31,1,0
20241002,210500,260.28,260.28,260.28,260.28,1,0
20241002,210800,260.2,260.2,260.2,260.2,10,0
20241002,211200,260.05,260.05,260,260,2,0
20241002,212000,259.51,259.52,259.51,259.52,30,0
20241002,212300,259.27,259.27,259.27,259.27,2,0
20241002,212400,259.6,259.6,259.6,259.6,2,0
20241002,212500,259.55,259.55,259.27,259.27,2,0
20241002,212600,259.64,259.65,259.64,259.65,2,0
20241002,212700,259.47,259.47,259.47,259.47,10,0
20241002,212800,259.53,259.53,259.53,259.53,10,0
20241002,212900,259.53,259.53,259.53,259.53,6,0
20241002,213200,259.64,259.64,259.64,259.64,22,0
20241002,213300,259.61,259.61,259.61,259.61,1,0
20241002,213400,259.88,259.88,259.88,259.88,10,0
20241002,213800,259.73,259.73,259.73,259.73,1,0
20241002,214700,259.94,259.94,259.8,259.8,150,0
20241002,220400,260.06,260.06,260.06,260.06,1,0
20241002,221100,260.06,260.06,260.06,260.06,1,0
20241002,221200,260.07,260.07,260,260,9,0
20241002,221400,259.89,259.89,259.89,259.89,1,0
20241002,221800,260.21,260.21,260.21,260.21,1,0
20241002,221900,260.25,260.25,260.25,260.25,4,0
20241002,222800,260.54,260.54,260.54,260.54,3,0
20241002,222900,260.54,260.54,260.54,260.54,20,0
20241002,223500,260.2,260.2,260.2,260.2,2,0
20241002,223600,260.09,260.09,260.09,260.09,2,0
20241002,224000,260.09,260.09,260.09,260.09,1,0
20241002,224100,259.92,259.92,259.92,259.92,1,0
20241002,224500,259.93,259.93,259.93,259.93,100,0
20241002,231200,260.36,260.36,260.36,260.36,1,0
20241002,231400,260.29,260.29,260.29,260.29,1,0
20241002,232600,260.29,260.29,260.29,260.29,1,0
20241002,234800,260.01,260.01,260,260,2,0
20241002,234900,259.77,259.77,259.77,259.77,2,0
20241003,095900,262.03,262.03,262.03,262.03,41,0
20241003,100000,259.75,259.85,258.58,258.58,66,0
20241003,100100,259.02,259.16,258.81,258.81,18,0
20241003,100200,259.41,259.65,259.41,259.65,2,0
20241003,100300,259.81,259.81,259.65,259.66,12,0
20241003,100400,259.29,259.33,259.29,259.33,2,0
20241003,100500,259.49,259.49,258.87,258.87,9,0
20241003,100600,258.8,258.8,258.8,258.8,1,0
20241003,100700,258.26,258.26,257.64,257.78,433,0
20241003,100800,258.36,258.61,258.16,258.27,309,0
20241003,100900,258.6,259.95,258.55,259.95,46,0
20241003,101000,259.95,260.77,259.95,260.58,12,0
20241003,101200,261.04,261.04,260.84,260.84,18,0
20241003,101300,260.68,260.68,260.55,260.55,300,0
20241003,101400,260.55,260.55,260.55,260.55,4,0
20241003,101500,260.4,260.4,260.4,260.4,2,0
20241003,101600,260.07,260.07,259.87,259.87,301,0
20241003,101700,260.09,260.14,259.97,259.97,301,0
20241003,101800,260.23,260.62,259.96,259.96,81,0
20241003,101900,260.15,260.15,259.93,260.11,51,0
20241003,102000,259.93,259.93,259.93,259.93,1,0
20241003,102100,259.52,259.65,259.52,259.65,3,0
20241003,102300,260.01,260.01,260.01,260.01,5,0
20241003,102400,260.1,260.1,260.1,260.1,1,0
20241003,102500,259.73,259.87,259.73,259.87,100,0
20241003,102600,259.62,259.88,259.62,259.76,5,0
20241003,102700,259.6,259.6,259.32,259.32,8,0
20241003,102800,259.07,259.07,258.72,258.88,5,0
20241003,102900,258.88,258.88,258.88,258.88,2,0
20241003,103000,258.98,259.34,258.86,259.34,32,0
20241003,103100,258.94,258.94,258.94,258.94,2,0
20241003,103200,258.8,259.06,258.8,259.06,49,0
20241003,103300,259.64,259.64,259.64,259.64,1,0
20241003,103500,259.59,259.59,259.59,259.59,3,0
20241003,103600,259.93,259.93,259.93,259.93,1,0
20241003,103700,259.89,259.89,259.89,259.89,1,0
20241003,103800,259.69,259.69,259.69,259.69,1,0
20241003,103900,259.49,259.49,259.49,259.49,2,0
20241003,104100,259.27,259.27,259.27,259.27,1,0
20241003,104200,259.03,259.03,259.03,259.03,11,0
20241003,104300,259.03,259.31,259.03,259.31,4,0
20241003,104500,259.4,259.44,259.4,259.44,5,0
20241003,104800,259.75,259.87,259.75,259.87,10,0
20241003,105000,260,260,260,260,2,0
20241003,105100,260.34,260.37,260.34,260.37,33,0
20241003,105500,260.17,260.37,260.17,260.37,41,0
20241003,105600,260.94,260.94,260.94,260.94,1,0
20241003,105700,260.99,260.99,260.89,260.89,14,0
20241003,105800,260.89,260.89,260.79,260.79,11,0
20241003,105900,260.18,260.18,260.18,260.18,1,0
20241003,110000,260.48,260.48,260.48,260.48,1,0
20241003,110100,260.9,261,260.9,261,12,0
20241003,110200,261.1,261.39,260.91,261.29,23,0
20241003,110300,261.33,261.9,261.33,261.41,43,0
20241003,110400,261.4,261.4,261.4,261.4,2,0
20241003,110500,261.4,261.4,261.4,261.4,2,0
20241003,110600,261.4,261.4,261.4,261.4,5,0
20241003,110700,261.07,261.07,261.07,261.07,1,0
20241003,110800,261.08,261.08,260.99,260.99,4,0
20241003,110900,261.07,261.07,261.07,261.07,7,0
20241003,111000,260.99,260.99,260.3,260.3,12,0
20241003,111300,260.3,260.3,260.15,260.15,6,0
20241003,111400,260.18,260.18,260.04,260.04,4,0
20241003,111500,260.04,260.04,260.04,260.04,7,0
20241003,111600,260.15,260.15,260.15,260.15,1,0
20241003,111700,260.13,260.25,260.13,260.25,6,0
20241003,111900,260.25,260.37,260.25,260.37,15,0
20241003,112000,260.47,260.47,260.47,260.47,7,0
20241003,112700,260.69,260.7,260.69,260.7,19,0
20241003,113000,260.54,260.54,260.54,260.54,2,0
20241003,113100,260.54,260.54,260.54,260.54,1,0
20241003,113500,260.88,260.88,260.88,260.88,5,0
20241003,113600,260.69,260.69,260.69,260.69,1,0
20241003,113700,261.12,261.28,261.12,261.28,2,0
20241003,113800,261.29,261.29,261.29,261.29,1,0
20241003,114000,261.29,261.29,261.29,261.29,1,0
20241003,114100,261.29,261.29,261.29,261.29,1,0
20241003,114200,261.2,261.2,261.2,261.2,10,0
20241003,114300,261.2,261.2,261.2,261.2,9,0
20241003,114700,261.29,261.29,261.29,261.29,10,0
20241003,114800,261,261,261,261,1,0
20241003,115200,260.39,260.39,260.12,260.12,2,0
20241003,120300,260.62,260.62,260.62,260.62,1,0
20241003,120700,260.11,260.11,259.87,259.87,5,0
20241003,121000,259.76,259.86,259.76,259.86,20,0
20241003,121100,260.14,260.33,260.14,260.33,11,0
20241003,121500,260.17,260.17,260.17,260.17,14,0
20241003,121700,260.34,260.34,260.34,260.34,10,0
20241003,121800,260.93,260.93,260.81,260.81,11,0
20241003,122000,259.96,259.96,259.91,259.91,2,0
20241003,122800,260.12,260.12,260.12,260.12,1,0
20241003,123000,259.93,260.09,259.93,259.93,3,0
20241003,123100,260.1,260.46,260.1,260.46,2,0
20241003,123400,260.9,260.9,260.82,260.82,5,0
20241003,123600,260.47,260.47,260.47,260.47,1,0
20241003,124400,260.55,260.55,260.55,260.55,1,0
20241003,124800,260.84,260.84,260.84,260.84,3,0
20241003,125500,260.49,260.49,260.39,260.39,16,0
20241003,125800,260.02,260.17,260.01,260.17,3,0
20241003,125900,260,260,260,260,35,0
20241003,130000,260.03,260.03,259.63,259.63,14,0
20241003,130100,260.01,260.01,260.01,260.01,1,0
20241003,130500,260.1,260.1,260.1,260.1,1,0
20241003,130600,260.09,260.09,260.09,260.09,1,0
20241003,130700,260.1,260.1,260.1,260.1,1,0
20241003,130800,260.15,260.15,260.15,260.15,2,0
20241003,130900,260.02,260.02,260.02,260.02,17,0
20241003,131000,260.02,260.02,260.02,260.02,3,0
20241003,131200,260.05,260.05,260,260,50,0
20241003,131400,260,260,260,260,2,0
20241003,131500,260.26,260.26,260.24,260.24,5,0
20241003,132000,260.15,260.15,260.15,260.15,1,0
20241003,132200,260.04,260.04,260,260,21,0
20241003,132300,259.72,259.72,259.65,259.65,3,0
20241003,132400,259.67,259.68,259.67,259.68,2,0
20241003,132500,259.28,259.39,258.91,259.37,79,0
20241003,132600,259.35,259.35,259.06,259.06,12,0
20241003,132700,259.14,259.28,259.12,259.28,25,0
20241003,132900,259.59,259.59,259.59,259.59,2,0
20241003,133000,259.57,259.57,259.03,259.03,12,0
20241003,133100,258.81,258.81,258.81,258.81,10,0
20241003,133400,259.7,259.7,259.7,259.7,1,0
20241003,133900,259.9,259.92,259.9,259.9,22,0
20241003,134000,259.83,259.83,259.83,259.83,69,0
20241003,134600,259.61,259.61,259.53,259.53,2,0
20241003,134700,259.4,259.4,259.23,259.23,2,0
20241003,134900,259.23,259.23,259.23,259.23,1,0
20241003,135000,259.11,259.11,259.11,259.11,1,0
20241003,135300,259.01,259.01,259,259,10,0
20241003,135600,259,259,259,259,1,0
20241003,135700,259.13,259.13,259.13,259.13,1,0
20241003,135900,259.08,259.08,259.08,259.08,5,0
20241003,140500,259.08,259.08,258.78,258.78,10,0
20241003,140600,258.68,258.68,258.68,258.68,1,0
20241003,140800,258.3,258.3,258.04,258.04,6,0
20241003,140900,258.16,258.16,258.16,258.16,1,0
20241003,141200,258.2,258.36,258.2,258.36,2,0
20241003,141300,258.51,258.62,258.51,258.61,20,0
20241003,141400,258.56,258.56,258.56,258.56,1,0
20241003,141700,259.14,259.14,259.14,259.14,4,0
20241003,141800,259.3,259.64,259.3,259.64,2,0
20241003,142000,258.96,258.96,258.96,258.96,2,0
20241003,142600,258.9,258.9,258.9,258.9,1,0
20241003,142800,258.87,258.87,258.52,258.52,2,0
20241003,143000,258.27,258.27,258.27,258.27,1,0
20241003,143500,258.28,258.28,258.27,258.27,26,0
20241003,144100,258.3,258.3,258.3,258.3,1,0
20241003,144500,258.19,258.19,258.19,258.19,1,0
20241003,144600,258.18,258.18,258.18,258.18,4,0
20241003,144900,258.18,258.18,258.18,258.18,1,0
20241003,145000,258.16,258.16,258.16,258.16,6,0
20241003,145200,258.18,258.18,258.18,258.18,10,0
20241003,145400,258.51,258.59,258.51,258.59,15,0
20241003,145600,258.54,258.54,258.41,258.41,3,0
20241003,150000,258.43,258.49,258.43,258.49,2,0
20241003,150100,258.8,258.84,258.8,258.84,2,0
20241003,150300,259.07,259.07,259.07,259.07,1,0
20241003,150400,258.79,258.79,258.79,258.79,1,0
20241003,150700,259.35,259.35,259.35,259.35,1,0
20241003,150800,258.97,259.19,258.97,259.19,22,0
20241003,151200,259.38,259.38,259.38,259.38,6,0
20241003,151400,259.48,259.48,259.48,259.48,2,0
20241003,151500,259.48,259.48,259.48,259.48,3,0
20241003,151600,259.7,259.73,259.7,259.73,2,0
20241003,152100,259.29,259.29,259.28,259.28,4,0
20241003,152200,259.62,259.62,259.62,259.62,1,0
20241003,152300,259.75,260.17,259.75,260.17,9,0
20241003,152500,260.17,260.17,260.17,260.17,50,0
20241003,152700,260,260,260,260,1,0
20241003,153000,260.09,260.09,260.09,260.09,1,0
20241003,153100,260.08,260.08,260.08,260.08,1,0
20241003,153300,260.07,260.18,260.07,260.18,7,0
20241003,153500,260.38,260.53,260.38,260.53,15,0
20241003,153600,260.58,261,260.58,261,12,0
20241003,153700,261.3,261.3,261.3,261.3,1,0
20241003,153800,261.37,261.63,261.36,261.63,11,0
20241003,154200,261.88,261.88,261.63,261.63,3,0
20241003,154300,261.6,261.6,261.32,261.32,33,0
20241003,154500,261.7,261.9,261.7,261.9,14,0
20241003,154600,261.88,261.88,261.88,261.88,32,0
20241003,154700,261.88,261.88,261.88,261.88,1,0
20241003,154800,261.96,262,261.96,262,9,0
20241003,154900,262.02,262.45,262.02,262.45,22,0
20241003,155000,262.45,262.45,262.45,262.45,2,0
20241003,155100,262.11,262.11,262.11,262.11,1,0
20241003,155200,262,262,261.6,261.6,12,0
20241003,155300,261.91,262.39,261.91,262.39,9,0
20241003,155600,262.39,262.48,262.39,262.48,39,0
20241003,155700,262.4,262.49,262.4,262.49,11,0
20241003,155800,262.49,262.5,262.45,262.5,86,0
20241003,160000,262.49,262.49,262.47,262.47,2,0
20241003,160100,262.5,262.5,262.5,262.5,7,0
20241003,160200,262.51,262.51,262.51,262.51,1,0
20241003,160300,262.52,262.52,262.52,262.52,5,0
20241003,160600,262.4,262.4,262.3,262.3,12,0
20241003,160800,261.85,261.85,261.85,261.85,1,0
20241003,161000,261.85,261.91,261.85,261.85,54,0
20241003,161100,262.16,262.31,262.16,262.31,7,0
20241003,161200,262.2,262.2,262.2,262.2,1,0
20241003,161600,262.2,262.2,262.2,262.2,1,0
20241003,162100,262.3,262.3,262.3,262.3,5,0
20241003,162200,262.3,262.53,262.3,262.33,29,0
20241003,162500,262.62,262.62,262.62,262.62,5,0
20241003,162600,262.86,263.05,262.78,263.05,13,0
20241003,163000,263.05,263.05,262.86,262.86,4,0
20241003,163600,262.76,262.76,262.76,262.76,1,0
20241003,163700,262.62,262.62,262.35,262.35,5,0
20241003,163800,262.52,262.88,262.52,262.88,3,0
20241003,163900,263,263.11,263,263.11,6,0
20241003,164000,263.2,263.2,263.2,263.2,1,0
20241003,164100,263.3,263.4,263.3,263.3,3,0
20241003,164200,263.23,263.23,263.23,263.23,1,0
20241003,164300,263.43,263.43,263.43,263.43,1,0
20241003,164400,263.82,264.19,263.82,264.19,102,0
20241003,164500,264.14,264.14,264.14,264.14,1,0
20241003,164600,264.2,264.2,264.2,264.2,1,0
20241003,164700,264.2,264.44,264.2,264.44,6,0
20241003,164800,264.25,264.25,264.25,264.25,1,0
20241003,164900,264.35,264.35,264.01,264.01,5,0
20241003,165200,264,264,264,264,1,0
20241003,170600,263.79,263.79,263.79,263.79,1,0
20241003,170800,263.5,263.5,263.5,263.5,1,0
20241003,170900,263.51,263.51,263.28,263.28,22,0
20241003,171000,263.11,263.11,263,263.11,26,0
20241003,171100,262.71,262.71,262.5,262.5,28,0
20241003,171200,262.74,262.74,262.74,262.74,1,0
20241003,171300,263.5,263.5,263.5,263.5,1,0
20241003,171600,263.56,264.01,263.56,264.01,4,0
20241003,171700,264.03,264.03,264.03,264.03,4,0
20241003,171800,264,264,264,264,1,0
20241003,172100,264,264,264,264,11,0
20241003,172300,264.09,264.09,264.09,264.09,1,0
20241003,172500,263.56,263.56,263.56,263.56,10,0
20241003,172600,263.56,263.56,263.5,263.5,65,0
20241003,172700,263.5,263.5,263.5,263.5,45,0
20241003,172800,262.96,262.96,262.96,262.96,1,0
20241003,172900,263.28,263.28,263.28,263.28,2,0
20241003,174600,263.69,263.69,263.69,263.69,1,0
20241003,174800,263.74,263.78,263.74,263.78,9,0
20241003,175100,263.66,263.71,263.66,263.71,500,0
20241003,175200,263.4,263.4,263.4,263.4,1,0
20241003,175900,263.41,263.41,263.4,263.4,2,0
20241003,180300,263.14,263.14,263.14,263.14,1,0
20241003,180500,263.09,263.12,263.09,263.12,9,0
20241003,180600,263.3,263.3,263.2,263.2,5,0
20241003,180700,263.2,263.2,263.2,263.2,1,0
20241003,180800,262.76,262.76,262.76,262.76,1,0
20241003,181200,262.74,262.74,262.71,262.71,5,0
20241003,181900,263.05,263.05,263.05,263.05,2,0
20241003,182300,263.15,263.47,263.15,263.47,12,0
20241003,182800,263.3,263.3,263.3,263.3,2,0
20241003,183100,263.48,263.48,263.48,263.48,6,0
20241003,183200,263.41,263.45,263.4,263.45,4,0
20241003,183400,263.5,263.5,263.5,263.5,1,0
20241003,183600,263.51,263.51,263.15,263.15,60,0
20241003,183700,263.01,263.32,263.01,263.32,3,0
20241003,183800,263.32,263.32,263.32,263.32,1,0
20241003,184600,263.15,263.3,263.15,263.3,2,0
20241003,184900,263.05,263.05,263,263,7,0
20241003,191400,263.2,263.31,263.2,263.31,15,0
20241003,191500,263.34,263.34,263.34,263.34,5,0
20241003,191700,263.38,263.4,263.38,263.4,6,0
20241003,192200,263.65,263.65,263.65,263.65,5,0
20241003,192500,263.66,263.66,263.66,263.66,1,0
20241003,192900,263.76,263.76,263.76,263.76,1,0
20241003,193300,263.39,263.39,263.1,263.1,39,0
20241003,193800,263.95,264.06,263.95,264.06,20,0
20241003,193900,264.11,264.11,264.11,264.11,1,0
20241003,194600,264.4,264.4,264.4,264.4,2,0
20241003,194700,264.4,264.4,264.4,264.4,4,0
20241003,195300,264.24,264.24,264.24,264.24,1,0
20241003,195500,264.3,264.3,264.29,264.29,4,0
20241003,195900,264.07,264.07,264.07,264.07,1,0
20241003,200100,264,264,264,264,2,0
20241003,200600,264,264,264,264,3,0
20241003,201500,263.89,263.89,263.89,263.89,1,0
20241003,202300,263.7,263.7,263.7,263.7,1,0
20241003,203600,264.18,264.18,264.18,264.18,6,0
20241003,204000,264.15,264.15,264.15,264.15,1,0
20241003,204800,264.1,264.1,264.1,264.1,5,0
20241003,210300,263.78,263.78,263.52,263.52,60,0
20241003,210500,263.95,263.95,263.95,263.95,1,0
20241003,211700,264.23,264.43,264.23,264.43,100,0
20241003,212800,264.17,264.17,264.16,264.16,2,0
20241003,214200,264.56,264.83,264.56,264.83,5,0
20241003,214400,264.74,264.9,264.74,264.9,5,0
20241003,215100,264.7,264.7,264.7,264.7,1,0
20241003,220000,264.9,264.9,264.9,264.9,1,0
20241003,220300,264.9,264.9,264.9,264.9,9,0
20241003,220700,264.64,264.64,264.64,264.64,1,0
20241003,222200,264.61,264.61,264.45,264.45,20,0
20241003,223700,264.35,264.43,264.3,264.3,6,0
20241003,223800,264.3,264.3,264.3,264.3,1,0
20241003,225300,264.3,264.49,264.3,264.49,163,0
20241003,225600,264.49,264.49,264.49,264.49,87,0
20241003,230700,264.41,264.41,264.41,264.41,1,0
20241003,231300,264.37,264.37,264.37,264.37,1,0
20241003,231600,264.2,264.2,264.2,264.2,2,0
20241004,100000,264.45,265.27,264.45,265.27,8,0
20241004,100100,264.77,264.77,264.25,264.71,29,0
20241004,100200,264.72,264.72,264.33,264.33,7,0
20241004,100300,264.5,264.5,264.5,264.5,9,0
20241004,100400,264.5,264.5,264.5,264.5,1,0
20241004,100500,264.32,264.32,264.32,264.32,4,0
20241004,100700,264.15,264.15,264.15,264.15,5,0
20241004,100800,264.37,264.37,264.37,264.37,1,0
20241004,100900,264.49,264.64,264.49,264.64,11,0
20241004,101100,264.51,264.51,264.5,264.5,19,0
20241004,101200,264.48,264.48,264.4,264.41,124,0
20241004,101300,264.44,264.48,264.44,264.48,150,0
20241004,101400,264.43,264.43,264.43,264.43,1,0
20241004,101600,264.15,264.15,264.07,264.07,19,0
20241004,101700,264,264,264,264,93,0
20241004,101800,264,264,264,264,1231,0
20241004,101900,264,264,263.56,263.78,7,0
20241004,102100,264.04,264.04,264.04,264.04,1,0
20241004,102400,263.66,263.66,263.66,263.66,2,0
20241004,102500,263.7,263.7,263.7,263.7,17,0
20241004,102900,264.08,264.08,264.08,264.08,2,0
20241004,103000,264.11,264.15,264.11,264.15,3,0
20241004,103100,264.43,264.46,264.43,264.46,10,0
20241004,103200,264.14,264.14,264.14,264.14,2,0
20241004,103400,264.53,264.53,264.53,264.53,2,0
20241004,103500,264.7,265.08,264.7,265.08,18,0
20241004,103600,265,265,264.95,264.95,3,0
20241004,103700,265,265,265,265,3,0
20241004,103900,265.08,265.08,265.08,265.08,4,0
20241004,104100,265,265.07,265,265.07,51,0
20241004,104200,265.01,265.01,265.01,265.01,2,0
20241004,104300,265.08,265.08,265.08,265.08,2,0
20241004,104500,265.08,265.5,265.08,265.48,326,0
20241004,104600,265.54,265.62,265.44,265.44,6,0
20241004,104800,265.4,265.87,265.4,265.73,131,0
20241004,104900,265.32,265.32,265.32,265.32,1,0
20241004,105100,265.66,265.74,265.66,265.74,4,0
20241004,105200,265.6,265.61,265.6,265.6,258,0
20241004,105300,265.6,265.6,265.6,265.6,7,0
20241004,105400,265.32,265.38,265.31,265.31,22,0
20241004,105500,265.3,265.3,265.01,265.01,41,0
20241004,105600,265.04,265.13,265.02,265.02,124,0
20241004,110200,265.05,265.05,265.03,265.03,4,0
20241004,110400,265.03,265.03,265.02,265.02,18,0
20241004,110500,265.02,265.07,265.02,265.03,16,0
20241004,110700,265.02,265.02,265,265,36,0
20241004,110800,264.9,264.9,264.74,264.74,103,0
20241004,110900,264.52,264.52,264.52,264.52,2,0
20241004,111200,264.92,265.02,264.92,265.02,3,0
20241004,111300,265.03,265.03,265.03,265.03,2,0
20241004,111600,265.03,265.03,265.03,265.03,2,0
20241004,111800,265.04,265.04,265.03,265.03,3,0
20241004,112300,265.03,265.03,265.03,265.03,1,0
20241004,112400,264.71,264.71,264.7,264.7,2,0
20241004,113100,264.57,264.57,264.57,264.57,2,0
20241004,113900,264.68,264.68,264.53,264.53,42,0
20241004,114100,264.56,264.84,264.56,264.84,3,0
20241004,114200,264.83,264.89,264.83,264.89,9,0
20241004,114400,264.9,264.9,264.9,264.9,2,0
20241004,114600,265.28,265.28,265.28,265.28,1,0
20241004,114700,264.98,265.31,264.97,265.31,60,0
20241004,115400,265.31,265.31,265.31,265.31,45,0
20241004,115500,265.31,265.31,265.29,265.29,63,0
20241004,115700,265.28,265.28,265.28,265.28,4,0
20241004,115800,265.33,265.33,265.33,265.33,1,0
20241004,115900,265.34,265.34,265.34,265.34,1,0
20241004,120400,265.28,265.28,265.28,265.28,41,0
20241004,120500,265.29,265.29,265.29,265.29,2,0
20241004,120600,265.29,265.29,265.29,265.29,5,0
20241004,121100,265.55,265.55,265.55,265.55,1,0
20241004,121900,265.35,265.35,265.32,265.32,4,0
20241004,122000,265.32,265.32,265.3,265.3,49,0
20241004,122100,265.3,265.3,265.28,265.28,10,0
20241004,122300,265.28,265.28,265.28,265.28,5,0
20241004,122800,265.24,265.28,265.23,265.28,34,0
20241004,122900,265.28,265.28,265.28,265.28,2,0
20241004,123100,264.91,264.91,264.9,264.9,37,0
20241004,123200,264.9,264.9,264.9,264.9,15,0
20241004,123300,264.85,264.87,264.85,264.87,3,0
20241004,123400,264.8,264.8,264.8,264.8,5,0
20241004,123600,264.51,264.51,264.51,264.51,1,0
20241004,123800,264.85,264.85,264.85,264.85,8,0
20241004,124000,264.87,264.87,264.87,264.87,1,0
20241004,124100,264.87,264.87,264.87,264.87,1,0
20241004,124200,264.85,264.85,264.85,264.85,2,0
20241004,124500,264.87,264.87,264.85,264.85,7,0
20241004,124600,264.88,264.88,264.88,264.88,1,0
20241004,124800,264.85,264.85,264.5,264.5,35,0
20241004,125000,264.48,264.48,264.48,264.48,10,0
20241004,125400,264.45,264.45,264.37,264.37,2,0
20241004,125500,264.31,264.31,264.26,264.26,2,0
20241004,125600,264.2,264.2,264.2,264.2,1,0
20241004,125700,264.44,264.44,264.44,264.44,2,0
20241004,125800,264.44,264.44,264.44,264.44,1,0
20241004,130100,264.62,264.62,264.62,264.62,10,0
20241004,130200,264.43,264.44,264.42,264.42,26,0
20241004,130600,264.3,264.3,264.3,264.3,10,0
20241004,131100,264.3,264.3,264.22,264.22,12,0
20241004,131200,264.2,264.21,264.2,264.2,66,0
20241004,131300,264.2,264.2,264.2,264.2,20,0
20241004,131600,264.2,264.2,264.19,264.19,2,0
20241004,132500,264.26,264.26,264.26,264.26,5,0
20241004,132600,264.4,264.4,264.4,264.4,1,0
20241004,133000,264.4,264.4,264.4,264.4,1,0
20241004,133600,264.37,264.37,264.37,264.37,2,0
20241004,134200,264.6,264.6,264.6,264.6,1,0
20241004,135000,265.03,265.03,265.03,265.03,1,0
20241004,135700,264.93,264.93,264.93,264.93,1,0
20241004,140800,264.92,264.92,264.92,264.92,5,0
20241004,141000,264.87,264.87,264.87,264.87,22,0
20241004,141100,264.81,264.83,264.81,264.83,7,0
20241004,141400,265.16,265.16,265.16,265.16,3,0
20241004,141500,265.16,265.42,265.16,265.42,2,0
20241004,142000,265.08,265.08,265.08,265.08,9,0
20241004,142800,265.32,265.32,265.32,265.32,1,0
20241004,143000,265.08,265.08,264.71,264.71,4,0
20241004,144400,264.7,264.71,264.7,264.71,4,0
20241004,144500,264.71,264.71,264.71,264.71,1,0
20241004,144600,264.81,264.81,264.81,264.81,2,0
20241004,144700,264.79,264.79,264.79,264.79,1,0
20241004,144800,264.78,264.78,264.78,264.78,19,0
20241004,145800,264.71,264.71,264.64,264.64,11,0
20241004,145900,264.62,264.62,264.62,264.62,1,0
20241004,150000,264.61,264.61,264.61,264.61,1,0
20241004,150200,264.61,264.72,264.61,264.72,30,0
20241004,150400,264.68,264.68,264.47,264.47,2,0
20241004,150800,264.48,264.48,264.2,264.2,3,0
20241004,150900,264.07,264.07,264.07,264.07,10,0
20241004,151000,264.19,264.19,264.19,264.19,3,0
20241004,151100,264.19,264.19,264.19,264.19,12,0
20241004,151200,264.05,264.05,263.47,263.47,79,0
20241004,151300,263.47,263.5,263.47,263.5,7,0
20241004,151400,263.49,263.66,263.49,263.66,96,0
20241004,151700,263.8,263.8,263.72,263.72,2,0
20241004,151800,263.31,263.31,263.19,263.19,2,0
20241004,151900,263.04,263.04,263,263,4,0
20241004,152000,263,263,263,263,1,0
20241004,152100,263.34,263.34,263.01,263.01,11,0
20241004,152200,263,263,263,263,3,0
20241004,152300,263,263.05,262.77,262.77,111,0
20241004,152600,262.95,262.95,262.95,262.95,2,0
20241004,153000,263.05,263.05,263.05,263.05,2,0
20241004,153900,263.61,263.61,263.61,263.61,1,0
20241004,154000,263.54,263.62,263.54,263.62,13,0
20241004,154100,263.58,263.58,263.58,263.58,10,0
20241004,154300,263.56,263.56,263.56,263.56,2,0
20241004,155100,263.5,263.5,263.5,263.5,1,0
20241004,155200,263.36,263.36,263.36,263.36,1,0
20241004,160100,263.27,263.27,263.27,263.27,2,0
20241004,160300,263.2,263.2,263.2,263.2,10,0
20241004,160500,263.02,263.02,263,263.01,21,0
20241004,160700,263.01,263.01,262.76,262.83,252,0
20241004,160900,263.3,263.3,263.3,263.3,1,0
20241004,161000,263.3,263.3,263.3,263.3,2,0
20241004,161300,263.2,263.2,263.2,263.2,1,0
20241004,161600,263.16,263.16,263.11,263.11,2,0
20241004,161800,262.9,262.9,262.85,262.85,17,0
20241004,161900,262.8,262.8,262.56,262.56,39,0
20241004,162100,262.6,262.6,262.6,262.6,2,0
20241004,162500,263.07,263.07,263.07,263.07,1,0
20241004,163400,263.6,263.6,263.6,263.6,1,0
20241004,163500,263.69,263.78,263.43,263.43,22,0
20241004,163700,263.39,263.39,263.39,263.39,2,0
20241004,163800,263.39,263.39,263.39,263.39,1,0
20241004,164100,263.63,263.63,263.63,263.63,5,0
20241004,164500,263.38,263.38,263.01,263.04,20,0
20241004,164600,263,263,263,263,2,0
20241004,164700,263.17,263.17,263.17,263.17,2,0
20241004,165100,263.33,263.33,263.28,263.28,2,0
20241004,165300,263.24,263.24,263.24,263.24,1,0
20241004,165600,263.07,263.07,263.07,263.07,4,0
20241004,165900,263.26,263.26,263.26,263.26,1,0
20241004,170000,263.28,263.28,263.28,263.28,9,0
20241004,170200,263.19,263.19,263.19,263.19,1,0
20241004,170300,263.28,263.34,263.27,263.34,66,0
20241004,170400,263.51,263.51,263.51,263.51,1,0
20241004,170600,263.41,263.41,263.41,263.41,4,0
20241004,170800,263.31,263.31,263.3,263.3,2,0
20241004,171400,263.24,263.28,263.24,263.28,7,0
20241004,171800,263.28,263.29,263.21,263.21,15,0
20241004,171900,263.21,263.21,263.21,263.21,2,0
20241004,172100,263.3,263.31,263.3,263.31,8,0
20241004,172200,263.2,263.2,263.2,263.2,1,0
20241004,172900,263.01,263.02,263.01,263.02,6,0
20241004,173000,263.16,263.16,263.16,263.16,2,0
20241004,173700,263.03,263.03,263.01,263.01,2,0
20241004,174000,263.01,263.01,263,263,20,0
20241004,174200,263,263,263,263,10,0
20241004,174400,263.24,263.24,263.24,263.24,2,0
20241004,174800,263.25,263.27,263.25,263.27,10,0
20241004,175600,263.27,263.33,263.27,263.33,13,0
20241004,175700,263.5,263.5,263.5,263.5,3,0
20241004,180900,264.25,264.25,264.25,264.25,1,0
20241004,181000,264.34,264.34,264.34,264.34,1,0
20241004,181500,264.31,264.31,264.31,264.31,1,0
20241004,181600,264.34,264.34,264.34,264.34,2,0
20241004,182100,264.23,264.23,264.23,264.23,3,0
20241004,182300,264.21,264.24,264.2,264.24,6,0
20241004,184000,264.1,264.12,264.1,264.12,3,0
20241004,184200,263.96,264.14,263.96,264.14,92,0
20241004,184300,264.14,264.51,264.14,264.51,93,0
20241004,184500,264.24,264.24,264.24,264.24,40,0
20241004,184900,263.93,263.93,263.93,263.93,10,0
20241004,190600,264.1,264.1,264.1,264.1,1,0
20241004,192900,264.47,264.47,264.47,264.47,1,0
20241004,193700,264.36,264.36,264.36,264.36,1,0
20241004,194500,264.36,264.36,264.36,264.36,1,0
20241004,194800,264.34,264.34,264.34,264.34,1,0
20241004,194900,264.34,264.34,264.34,264.34,6,0
20241004,200900,264.23,264.23,264.23,264.23,1,0
20241004,202000,264.24,264.24,264.24,264.24,1,0
20241004,202600,264.24,264.38,264.24,264.38,5,0
20241004,204400,264.02,264.02,264,264,10,0
20241004,210400,264.47,265,264.47,265,120,0
20241004,210600,264.52,264.52,264.52,264.52,1,0
20241004,212300,264.31,264.31,264.31,264.31,1,0
20241004,212700,264.2,264.2,264.2,264.2,1,0
20241004,213200,264.17,264.17,264.17,264.17,1,0
20241004,213300,264.14,264.14,264.14,264.14,1,0
20241004,213700,264.14,264.14,264.14,264.14,29,0
20241004,214600,264.13,264.13,263.95,263.95,12,0
20241004,215600,264.06,264.06,264.06,264.06,1,0
20241004,215700,264.06,264.33,264.06,264.33,6,0
20241004,215900,264.23,264.28,264.23,264.28,30,0
20241004,220300,264.23,264.3,264.23,264.3,16,0
20241004,220400,264.3,264.3,264.3,264.3,2,0
20241004,221800,264.3,264.3,264.3,264.3,6,0
20241004,222200,264.3,264.3,264.3,264.3,1,0
20241004,222400,264.3,264.3,264.3,264.3,2,0
20241004,222700,264.3,264.3,264.26,264.26,5,0
20241004,230600,263.95,263.95,263.95,263.95,2,0
20241004,230900,263.98,263.98,263.98,263.98,1,0
20241004,231100,264.24,264.31,264.24,264.31,10,0
20241004,232100,264.14,264.14,264.14,264.14,1,0
20241004,232200,264.14,264.14,264.14,264.14,1,0
20241004,232400,264.22,264.22,264.22,264.22,1,0
20241004,233000,264.34,264.34,264.34,264.34,1,0
20241007,100000,264.24,264.24,264.24,264.24,1,0
20241007,100100,264.12,264.12,264.09,264.09,3,0
20241007,100300,265.1,266.66,264.92,265.98,41,0
20241007,100400,265.98,266.12,265.98,265.98,17,0
20241007,100500,265.98,265.98,265.98,265.98,1,0
20241007,100600,265.83,265.91,265.83,265.84,7,0
20241007,100700,266.12,266.12,266.12,266.12,1,0
20241007,100800,265.82,265.82,265.82,265.82,1,0
20241007,101000,265.53,265.78,265.53,265.78,2,0
20241007,101100,265.56,265.56,265.51,265.51,4,0
20241007,101200,265.63,265.63,265.55,265.57,5,0
20241007,101300,265.46,265.65,265.32,265.65,11,0
20241007,101400,265.55,265.94,265.55,265.94,2,0
20241007,101600,265.92,266.44,265.92,266.44,33,0
20241007,101700,266.05,266.05,266.05,266.05,2,0
20241007,101800,266.42,266.42,266.42,266.42,1,0
20241007,102000,266.2,266.2,266,266,3,0
20241007,102100,266.09,266.43,266.09,266.43,26,0
20241007,102200,266.15,266.15,266.09,266.09,10,0
20241007,102400,266.09,266.2,266.09,266.2,7,0
20241007,102500,266.09,266.09,266,266,21,0
20241007,102600,265.94,265.94,265.94,265.94,5,0
20241007,102700,265.84,265.84,265.84,265.84,1,0
20241007,102800,265.81,265.81,265.81,265.81,7,0
20241007,102900,265.81,265.81,265.78,265.78,7,0
20241007,103000,265.74,265.74,265.74,265.74,1,0
20241007,103100,265.69,265.69,265.68,265.68,10,0
20241007,103200,265.69,265.69,265.69,265.69,1,0
20241007,103300,265.94,265.94,265.94,265.94,4,0
20241007,103600,265.95,265.95,265.93,265.93,5,0
20241007,104200,265.67,265.67,265.63,265.63,12,0
20241007,104300,265.67,265.67,265.63,265.63,3,0
20241007,104400,265.58,265.58,265.52,265.52,2,0
20241007,104800,265.52,265.52,265.35,265.35,22,0
20241007,104900,265.13,265.14,265.13,265.14,2,0
20241007,105000,265.01,265.01,265.01,265.01,1,0
20241007,105100,265,265,265,265,1,0
20241007,105200,264.97,264.97,264.53,264.53,11,0
20241007,105300,264.57,264.57,263.95,264.5,7,0
20241007,105400,264.36,264.36,263.84,263.84,502,0
20241007,105500,263.84,264.5,263.84,264.44,7,0
20241007,105600,264.43,264.43,264.31,264.31,2,0
20241007,105700,263.98,263.98,263.98,263.98,1,0
20241007,110000,263.91,263.91,263.82,263.82,7,0
20241007,110100,263.93,263.93,263.76,263.76,3,0
20241007,110300,264.21,264.21,264.21,264.21,2,0
20241007,110400,264.34,264.34,264.34,264.34,4,0
20241007,110500,264.23,264.23,264.23,264.23,4,0
20241007,111000,264.31,264.31,264.31,264.31,4,0
20241007,112100,263.94,263.94,263.9,263.9,4,0
20241007,112200,263.96,263.96,263.96,263.96,1,0
20241007,112300,263.9,263.9,263.54,263.54,4,0
20241007,112700,263.55,263.55,263.55,263.55,1,0
20241007,112900,263.65,263.65,263.65,263.65,1,0
20241007,113100,263.8,263.8,263.8,263.8,1,0
20241007,113300,263.84,263.98,263.84,263.98,7,0
20241007,113400,264.08,264.08,264.08,264.08,1,0
20241007,114600,264.02,264.02,264.02,264.02,1,0
20241007,115100,264.04,264.04,264.04,264.04,11,0
20241007,115200,264.31,264.39,264.31,264.39,10,0
20241007,115600,264.18,264.18,264.18,264.18,1,0
20241007,115700,264.19,264.19,264.19,264.19,1,0
20241007,120800,264.44,264.44,264.44,264.44,1,0
20241007,120900,264,264,264,264,5,0
20241007,121000,263.84,263.84,263.6,263.6,164,0
20241007,121100,263.6,263.69,263.6,263.69,118,0
20241007,121200,263.7,263.7,263.6,263.6,31,0
20241007,121300,263.61,263.63,263.61,263.63,2,0
20241007,121400,263.6,263.6,263.39,263.39,72,0
20241007,121500,263.42,263.61,263.42,263.61,13,0
20241007,121700,263.59,263.59,263.59,263.59,1,0
20241007,121800,263.35,263.35,263.35,263.35,9,0
20241007,121900,263.35,263.35,263.01,263.01,33,0
20241007,122000,263.06,263.2,263.06,263.2,7,0
20241007,122100,263.1,263.1,263,263,52,0
20241007,122200,263,263,262.92,262.92,134,0
20241007,122300,262.81,262.81,262.61,262.61,38,0
20241007,122400,262.6,262.6,262.42,262.42,45,0
20241007,122500,262.35,262.35,262.35,262.35,1,0
20241007,122600,262.57,262.57,262.57,262.57,1,0
20241007,122800,262.35,262.35,262.35,262.35,10,0
20241007,123200,262.58,262.58,262.58,262.58,1,0
20241007,123500,262.78,262.78,262.77,262.77,5,0
20241007,123600,262.89,262.89,262.89,262.89,1,0
20241007,123700,262.71,262.71,262.7,262.7,2,0
20241007,123800,262.66,262.66,262.61,262.64,58,0
20241007,124100,262.58,262.58,262.55,262.55,45,0
20241007,124200,262.2,262.26,262.02,262.02,26,0
20241007,124300,262.01,262.08,262.01,262.01,27,0
20241007,124400,262.01,262.1,262.01,262.1,2,0
20241007,124500,262.09,262.09,262.09,262.09,5,0
20241007,124800,262.1,262.1,262.09,262.09,3,0
20241007,125000,262.09,262.09,262.09,262.09,1,0
20241007,125100,262.25,262.25,262.25,262.25,1,0
20241007,125600,262.09,262.09,262.09,262.09,6,0
20241007,125700,262.09,262.09,262.09,262.09,3,0
20241007,125900,262.25,262.25,262.25,262.25,3,0
20241007,130000,262.3,262.3,262.3,262.3,47,0
20241007,130400,262.14,262.14,262.14,262.14,2,0
20241007,130500,262.15,262.19,262.15,262.19,12,0
20241007,130600,262.51,262.75,262.51,262.75,12,0
20241007,131000,262.5,262.5,262.5,262.5,1,0
20241007,131200,262.5,262.5,262.5,262.5,3,0
20241007,131600,262.5,262.55,262.36,262.36,66,0
20241007,131700,262.3,262.3,262.3,262.3,50,0
20241007,132100,262.37,262.4,262.37,262.4,7,0
20241007,132500,262.41,262.41,262.41,262.41,4,0
20241007,132600,262.65,262.65,262.65,262.65,3,0
20241007,133100,262.81,262.81,262.81,262.81,1,0
20241007,134600,262.7,262.7,262.6,262.6,4,0
20241007,134700,262.49,262.49,262.24,262.24,50,0
20241007,135000,262.2,262.2,262.2,262.2,2,0
20241007,135300,262.2,262.2,262.2,262.2,12,0
20241007,135400,262.18,262.2,262.18,262.18,45,0
20241007,135600,262.11,262.11,262.11,262.11,1,0
20241007,135700,262.24,262.29,262.24,262.29,5,0
20241007,135900,262.31,262.31,262.31,262.31,1,0
20241007,140700,262.12,262.12,262.12,262.12,1,0
20241007,140800,262.49,262.49,262.49,262.49,3,0
20241007,141100,262.63,262.7,262.63,262.7,11,0
20241007,141200,262.89,263.05,262.89,263.05,5,0
20241007,141700,262.75,262.75,262.71,262.71,6,0
20241007,141900,262.63,262.63,262.63,262.63,1,0
20241007,142400,262.69,262.71,262.69,262.71,6,0
20241007,142900,263.14,263.22,263.12,263.12,6,0
20241007,143200,263.23,263.36,263.23,263.36,12,0
20241007,143600,263.46,263.47,263.46,263.47,7,0
20241007,143700,263.47,263.47,263.29,263.29,77,0
20241007,143800,263.29,263.29,263.26,263.26,21,0
20241007,144000,263.41,263.41,263.41,263.41,1,0
20241007,144100,263.48,263.48,263.48,263.48,1,0
20241007,144400,263.41,263.41,263.18,263.18,132,0
20241007,144700,263.1,263.1,263.1,263.1,2,0
20241007,145000,263.08,263.08,263.08,263.08,1,0
20241007,145200,263.13,263.17,262.9,262.9,45,0
20241007,145300,262.87,262.87,262.83,262.83,5,0
20241007,150000,262.65,262.65,262.65,262.65,5,0
20241007,150100,262.61,262.61,262.61,262.61,1,0
20241007,150200,262.59,262.59,262.59,262.59,1,0
20241007,150300,262.54,262.54,262.39,262.39,10,0
20241007,150500,262.38,262.39,262.38,262.39,3,0
20241007,150600,262.55,262.55,262.55,262.55,3,0
20241007,150900,262.76,262.76,262.76,262.76,10,0
20241007,151300,262.76,262.76,262.74,262.74,9,0
20241007,151400,262.95,262.97,262.95,262.97,6,0
20241007,151800,262.8,262.8,262.8,262.8,1,0
20241007,152200,262.75,262.75,262.75,262.75,7,0
20241007,153500,262.53,262.53,262.53,262.53,1,0
20241007,153600,262.55,262.55,262.55,262.55,1,0
20241007,153900,262.27,262.48,262.27,262.48,2,0
20241007,160100,262.55,262.55,262.55,262.55,1,0
20241007,160700,262.78,262.78,262.78,262.78,1,0
20241007,160900,262.77,262.77,262.77,262.77,1,0
20241007,161500,262.59,262.59,262.32,262.32,11,0
20241007,162200,262.91,262.91,262.91,262.91,3,0
20241007,162900,262.76,262.77,262.76,262.77,2,0
20241007,163000,262.55,262.55,262.55,262.55,1,0
20241007,163200,262.62,262.87,262.62,262.87,2,0
20241007,163400,263.09,263.2,263.09,263.2,10,0
20241007,163500,263.27,263.33,263.27,263.33,11,0
20241007,163600,263.53,263.59,263.53,263.59,16,0
20241007,163700,263.59,263.59,263.59,263.59,15,0
20241007,163800,263.72,263.89,263.72,263.75,6,0
20241007,163900,263.68,263.69,263.63,263.63,15,0
20241007,164000,263.51,263.51,263.4,263.4,3,0
20241007,164100,263.31,263.31,263.3,263.31,6,0
20241007,164200,263.32,263.36,263.3,263.36,11,0
20241007,164300,263.34,263.34,263.34,263.34,53,0
20241007,164400,263.34,263.37,263.34,263.37,51,0
20241007,164500,263.29,263.29,263.21,263.22,13,0
20241007,164600,263.22,263.38,263.22,263.38,7,0
20241007,164700,263.43,263.43,263.37,263.37,5,0
20241007,165100,263.32,263.32,263.32,263.32,1,0
20241007,165200,263.19,263.19,263.19,263.19,2,0
20241007,165300,263.5,263.51,263.5,263.51,2,0
20241007,165400,263.5,263.5,263.31,263.31,4,0
20241007,165600,263.32,263.33,263.32,263.33,2,0
20241007,165700,263.52,263.54,263.52,263.54,3,0
20241007,165800,263.6,263.6,263.6,263.6,1,0
20241007,165900,263.76,263.77,263.76,263.77,5,0
20241007,170000,263.74,263.74,263.74,263.74,10,0
20241007,170400,263.39,263.39,263.39,263.39,3,0
20241007,170700,263.7,263.7,263.57,263.58,9,0
20241007,171700,263.66,263.66,263.66,263.66,1,0
20241007,172500,263.46,263.46,263.46,263.46,1,0
20241007,172600,263.46,263.46,263.46,263.46,3,0
20241007,173100,263.42,263.42,263.42,263.42,7,0
20241007,173200,263.41,263.41,263.4,263.4,2,0
20241007,173300,263.39,263.39,263.39,263.39,2,0
20241007,173500,263.38,263.38,263.38,263.38,2,0
20241007,173800,263.38,263.38,263.38,263.38,18,0
20241007,174200,263.38,263.38,263.38,263.38,1,0
20241007,174700,263.34,263.34,263.34,263.34,1,0
20241007,174900,263.34,263.34,263.34,263.34,4,0
20241007,175100,263.1,263.1,263.1,263.1,1,0
20241007,175400,262.79,262.79,262.74,262.74,2,0
20241007,175700,262.95,262.95,262.95,262.95,1,0
20241007,180900,262.66,262.66,262.65,262.65,5,0
20241007,181200,262.81,262.92,262.81,262.92,110,0
20241007,181800,262.95,262.95,262.95,262.95,2,0
20241007,181900,262.95,262.95,262.95,262.95,1,0
20241007,182200,263.08,263.08,263.08,263.08,1,0
20241007,182400,263.11,263.11,263.11,263.11,1,0
20241007,182600,263.21,263.22,263.21,263.22,2,0
20241007,182900,262.96,262.96,262.96,262.96,1,0
20241007,183100,263.1,263.1,263.1,263.1,2,0
20241007,183200,263.11,263.11,263.11,263.11,1,0
20241007,183300,263.11,263.11,263.11,263.11,1,0
20241007,183500,263.09,263.09,263.09,263.09,4,0
20241007,183900,263.18,263.18,263.18,263.18,1,0
20241007,184000,263.2,263.22,263.2,263.22,10,0
20241007,184300,263.22,263.22,263.22,263.22,4,0
20241007,184700,263.05,263.05,263.05,263.05,2,0
20241007,184900,263.25,263.25,263.23,263.23,16,0
20241007,190500,263.59,263.68,263.59,263.68,2,0
20241007,190600,263.68,263.68,263.68,263.68,3,0
20241007,190700,263.68,263.68,263.68,263.68,8,0
20241007,190800,263.68,263.68,263.68,263.68,5,0
20241007,191500,263.6,263.6,263.6,263.6,5,0
20241007,191600,263.59,263.59,263.59,263.59,1,0
20241007,193900,263.43,263.43,263.43,263.43,3,0
20241007,194000,263.47,263.59,263.47,263.59,28,0
20241007,194200,263.38,263.38,263.38,263.38,8,0
20241007,194300,263.49,263.51,263.49,263.51,12,0
20241007,194500,263.51,263.51,263.51,263.51,30,0
20241007,194800,263.5,263.5,263.5,263.5,1,0
20241007,195400,263.5,263.5,263.49,263.49,24,0
20241007,200300,263.49,263.49,263.49,263.49,10,0
20241007,200400,263.49,263.49,263.49,263.49,10,0
20241007,200700,263.5,263.51,263.5,263.51,10,0
20241007,200800,263.5,263.51,263.5,263.51,10,0
20241007,201200,263.5,263.5,263.5,263.5,3,0
20241007,201600,263.51,263.51,263.51,263.51,7,0
20241007,202000,263.49,263.49,263.49,263.49,10,0
20241007,202200,263.49,263.49,263.49,263.49,10,0
20241007,202500,263.51,263.51,263.51,263.51,2,0
20241007,202800,263.49,263.49,263.49,263.49,1,0
20241007,204100,263.51,263.51,263.51,263.51,1,0
20241007,205300,263.49,263.49,263.49,263.49,59,0
20241007,211600,263.46,263.46,263.46,263.46,1,0
20241007,213900,263.46,263.47,263.46,263.47,2,0
20241007,214000,263.5,263.5,263.5,263.5,1,0
20241007,214300,263.56,263.56,263.56,263.56,1,0
20241007,214700,263.53,263.56,263.53,263.56,33,0
20241007,214800,263.56,263.56,263.56,263.56,26,0
20241007,214900,263.56,263.56,263.55,263.56,81,0
20241007,215000,263.88,264.02,263.88,264.02,28,0
20241007,215400,264.03,264.03,264.03,264.03,1,0
20241007,220500,263.91,263.91,263.91,263.91,1,0
20241007,220700,263.89,263.89,263.87,263.87,5,0
20241007,221000,263.85,263.85,263.85,263.85,3,0
20241007,221200,263.86,263.86,263.86,263.86,1,0
20241007,221300,263.85,263.85,263.85,263.85,1,0
20241007,222900,264.2,264.2,264.2,264.2,1,0
20241007,223100,264.12,264.12,264.12,264.12,1,0
20241007,223400,264.13,264.13,264.13,264.13,2,0
20241007,224100,263.97,263.97,263.97,263.97,1,0
20241007,224300,263.97,263.97,263.97,263.97,2,0
20241007,224800,263.97,263.97,263.97,263.97,1,0
20241007,225400,263.87,263.87,263.81,263.81,3,0
20241007,230700,263.94,263.94,263.94,263.94,1,0
20241007,232200,264.14,264.14,264.14,264.14,1,0
20241007,233000,264.01,264.01,264.01,264.01,4,0
20241007,233200,263.99,263.99,263.99,263.99,5,0
20241007,234800,263.89,263.89,263.89,263.89,10,0
20241008,100000,263.81,263.81,263.6,263.6,2,0
20241008,100100,263.55,263.55,263.55,263.55,1,0
20241008,100400,263.51,263.51,263.22,263.22,124,0
20241008,100500,263.18,263.57,263.09,263.57,12,0
20241008,101100,263.65,263.87,263.65,263.87,2,0
20241008,101200,263.87,263.87,263.87,263.87,1,0
20241008,101500,263.46,263.46,263.11,263.11,7,0
20241008,101600,263.38,263.38,263.38,263.38,1,0
20241008,101700,263.46,263.47,263.46,263.47,9,0
20241008,101800,263.21,263.21,263.21,263.21,1,0
20241008,101900,263.29,263.29,263.08,263.08,13,0
20241008,102000,263,263,263,263,1,0
20241008,102100,263.01,263.01,263,263,2,0
20241008,102200,262.8,262.8,262.8,262.8,1,0
20241008,102500,262.89,262.9,262.89,262.9,11,0
20241008,102700,263.02,263.02,263.02,263.02,1,0
20241008,102900,263.31,263.31,263.31,263.31,5,0
20241008,103000,263.39,263.39,263.31,263.31,2,0
20241008,103500,263.1,263.21,263.1,263.21,2,0
20241008,103700,263.13,263.13,263.13,263.13,1,0
20241008,103900,263.11,263.11,263.11,263.11,1,0
20241008,104300,263.02,263.02,263,263,2,0
20241008,104400,263,263,263,263,4,0
20241008,105200,262.69,262.69,262.57,262.57,4,0
20241008,105300,262.57,262.76,262.57,262.76,2,0
20241008,105800,262.63,262.84,262.63,262.84,2,0
20241008,110100,262.54,262.56,262.54,262.56,5,0
20241008,110700,262.74,262.74,262.74,262.74,1,0
20241008,111000,262.84,262.84,262.84,262.84,4,0
20241008,111300,262.92,262.92,262.92,262.92,1,0
20241008,111700,262.7,262.7,262.7,262.7,2,0
20241008,111900,262.7,262.7,262.7,262.7,2,0
20241008,112200,262.65,262.65,262.65,262.65,1,0
20241008,112500,262.65,262.65,262.65,262.65,1,0
20241008,113500,262.55,262.55,262.55,262.55,2,0
20241008,113600,262.6,262.6,262.6,262.6,2,0
20241008,113700,262.55,262.55,262.55,262.55,1,0
20241008,113800,262.6,262.6,262.6,262.6,5,0
20241008,114200,262.6,262.6,262.6,262.6,1,0
20241008,114500,262.44,262.44,262.44,262.44,1,0
20241008,114800,262.52,262.52,262.52,262.52,1,0
20241008,115000,262.85,263.03,262.85,263.03,20,0
20241008,120500,262.72,262.72,262.72,262.72,5,0
20241008,121200,262.94,262.94,262.94,262.94,1,0
20241008,121300,263,263,263,263,3,0
20241008,122100,262.95,262.95,262.95,262.95,1,0
20241008,122200,262.95,262.95,262.95,262.95,1,0
20241008,122300,262.97,262.97,262.97,262.97,1,0
20241008,122800,263.04,263.25,262.96,263.25,4,0
20241008,123100,263.39,263.39,263.39,263.39,1,0
20241008,123200,263.49,263.57,263.49,263.57,10,0
20241008,123500,263.36,263.64,263.36,263.64,3,0
20241008,123700,263.8,263.8,263.8,263.8,3,0
20241008,124000,263.72,264,263.72,264,5,0
20241008,124100,264,264,264,264,1,0
20241008,124300,264.04,264.04,263.84,263.84,2,0
20241008,124500,263.83,263.99,263.78,263.99,4,0
20241008,124600,263.72,263.72,263.72,263.72,1,0
20241008,124800,264.06,264.06,264.06,264.06,5,0
20241008,125100,263.65,263.8,263.65,263.8,51,0
20241008,125600,263.69,263.71,263.69,263.71,2,0
20241008,125700,263.91,263.91,263.91,263.91,1,0
20241008,130000,263.79,263.85,263.79,263.85,3,0
20241008,130100,263.91,263.91,263.91,263.91,1,0
20241008,130600,263.54,263.54,263.54,263.54,3,0
20241008,130700,263.48,263.48,263.48,263.48,1,0
20241008,130900,263.54,263.54,263.54,263.54,1,0
20241008,131000,263.42,263.42,263.42,263.42,1,0
20241008,131100,263.37,263.37,263.34,263.34,4,0
20241008,131200,263.25,263.46,263.25,263.46,11,0
20241008,131700,263.23,263.23,263.23,263.23,1,0
20241008,132000,263.53,263.58,263.4,263.4,7,0
20241008,133000,263.53,263.53,263.53,263.53,2,0
20241008,140600,263.55,263.69,263.55,263.69,3,0
20241008,140700,263.65,263.65,263.65,263.65,1,0
20241008,141200,263.25,263.25,263.25,263.25,2,0
20241008,141400,263.25,263.25,263.08,263.1,10,0
20241008,141500,263.09,263.09,263.07,263.07,2,0
20241008,141900,263.1,263.1,263,263,2,0
20241008,142000,262.91,262.91,262.91,262.91,1,0
20241008,142100,262.91,262.91,262.9,262.9,15,0
20241008,142200,262.77,262.77,262.77,262.77,5,0
20241008,142300,262.89,262.94,262.89,262.94,4,0
20241008,142400,262.85,262.85,262.85,262.85,1,0
20241008,143000,263,263,263,263,5,0
20241008,144100,263.17,263.17,263.17,263.17,2,0
20241008,144700,262.93,262.93,262.91,262.91,2,0
20241008,145500,263.05,263.05,263.05,263.05,3,0
20241008,150600,262.85,262.85,262.85,262.85,6,0
20241008,151700,262.92,262.92,262.92,262.92,1,0
20241008,151800,262.89,262.93,262.89,262.93,5,0
20241008,152100,262.93,262.95,262.93,262.95,5,0
20241008,152200,262.95,262.95,262.95,262.95,2,0
20241008,152300,263.05,263.05,263.05,263.05,2,0
20241008,152500,263.15,263.17,263.15,263.17,2,0
20241008,152600,263.35,263.35,263.35,263.35,2,0
20241008,152700,263.26,263.26,263.26,263.26,4,0
20241008,152900,263.35,263.35,263.35,263.35,3,0
20241008,153000,263.56,263.56,263.56,263.56,2,0
20241008,153200,263.49,263.49,263.49,263.49,1,0
20241008,154200,263.3,263.3,263.3,263.3,2,0
20241008,154300,263.3,263.3,263.3,263.3,3,0
20241008,154500,263.2,263.2,263.2,263.2,1,0
20241008,154900,263.21,263.21,263.2,263.2,12,0
20241008,155000,263.14,263.14,263.03,263.03,2,0
20241008,155200,263.02,263.02,263.02,263.02,4,0
20241008,155300,263.02,263.02,263.02,263.02,6,0
20241008,155400,262.96,262.96,262.66,262.66,13,0
20241008,155500,262.74,262.85,262.74,262.85,7,0
20241008,155900,262.97,262.97,262.86,262.86,2,0
20241008,160000,262.86,262.86,262.85,262.85,96,0
20241008,160600,263.13,263.14,263.13,263.14,2,0
20241008,160800,263.14,263.14,263.14,263.14,99,0
20241008,160900,263.01,263.01,263.01,263.01,100,0
20241008,161000,262.99,263,262.99,263,100,0
20241008,161100,262.84,262.84,262.84,262.84,4,0
20241008,161300,262.88,262.88,262.88,262.88,5,0
20241008,161400,262.92,262.92,262.92,262.92,4,0
20241008,161600,262.85,262.85,262.67,262.67,104,0
20241008,161700,262.57,262.57,262.57,262.57,2,0
20241008,161900,262.68,262.68,262.68,262.68,100,0
20241008,162500,262.58,262.68,262.58,262.68,4,0
20241008,162600,262.68,262.68,262.61,262.63,8,0
20241008,162700,262.73,262.73,262.73,262.73,4,0
20241008,164700,262.76,262.76,262.75,262.75,2,0
20241008,165100,263,263.01,263,263.01,2,0
20241008,165200,263.22,263.22,263.22,263.22,1,0
20241008,165800,263.34,263.34,263.34,263.34,1,0
20241008,170600,263.14,263.14,263.03,263.03,3,0
20241008,170700,262.88,262.88,262.88,262.88,1,0
20241008,170800,262.96,262.96,262.96,262.96,1,0
20241008,171200,262.97,262.97,262.97,262.97,2,0
20241008,172300,263.17,263.17,263.17,263.17,1,0
20241008,172400,263.19,263.19,263.19,263.19,1,0
20241008,172500,263.2,263.2,263.2,263.2,1,0
20241008,172700,263.15,263.15,263.15,263.15,6,0
20241008,173000,263.17,263.17,263.17,263.17,1,0
20241008,173100,263.19,263.19,263.19,263.19,6,0
20241008,173200,263.35,263.35,263.35,263.35,1,0
20241008,173500,263.3,263.35,263.3,263.35,6,0
20241008,173600,263.35,263.5,263.35,263.5,6,0
20241008,174700,263.18,263.18,263.18,263.18,2,0
20241008,174800,263.14,263.14,263.14,263.14,1,0
20241008,175100,263.45,263.45,263.45,263.45,1,0
20241008,175500,263.47,263.47,263.47,263.47,1,0
20241008,175800,263.59,263.59,263.59,263.59,2,0
20241008,175900,263.66,263.66,263.66,263.66,2,0
20241008,180400,263.6,263.6,263.5,263.5,5,0
20241008,181300,263.4,263.4,263.4,263.4,5,0
20241008,181600,263.49,263.5,263.49,263.5,2,0
20241008,181900,263.5,263.5,263.5,263.5,3,0
20241008,182000,263.6,263.6,263.6,263.6,1,0
20241008,182400,263.36,263.36,263.36,263.36,3,0
20241008,182500,263.4,263.4,263.4,263.4,3,0
20241008,182900,263.39,263.39,263.39,263.39,1,0
20241008,183700,263.39,263.39,263.39,263.39,1,0
20241008,184000,263.4,263.5,263.4,263.5,11,0
20241008,184200,263.49,263.49,263.49,263.49,20,0
20241008,184300,263.5,263.5,263.5,263.5,1,0
20241008,184500,263.5,263.5,263.5,263.5,2,0
20241008,190500,263.5,263.5,263.5,263.5,6,0
20241008,190600,263.51,263.51,263.51,263.51,1,0
20241008,191400,263.52,263.52,263.52,263.52,1,0
20241008,191500,263.52,263.52,263.52,263.52,1,0
20241008,191600,263.36,263.36,263.36,263.36,1,0
20241008,193400,263.4,263.4,263.4,263.4,2,0
20241008,193500,263.4,263.4,263.35,263.35,3,0
20241008,193600,263.3,263.3,263.3,263.3,2,0
20241008,193800,263,263,263,263,1,0
20241008,194900,263.18,263.18,263.18,263.18,8,0
20241008,195800,263.16,263.5,263.16,263.5,27,0
20241008,201000,263.26,263.26,263.25,263.25,3,0
20241008,201600,263.42,263.42,263.42,263.42,1,0
20241008,202300,263.38,263.38,263.37,263.37,2,0
20241008,202400,263.43,263.43,263.43,263.43,1,0
20241008,203600,263.5,263.5,263.5,263.5,1,0
20241008,203900,263.42,263.61,263.42,263.61,4,0
20241008,212000,263.24,263.24,263.24,263.24,4,0
20241008,212100,263.39,263.39,263.39,263.39,1,0
20241008,215400,263.35,263.35,263.35,263.35,5,0
20241008,220700,263.24,263.24,263.24,263.24,3,0
20241008,221000,263.15,263.15,263.15,263.15,1,0
20241008,222100,263.22,263.22,263.22,263.22,1,0
20241008,222800,263.16,263.16,263.16,263.16,4,0
20241008,223700,263.03,263.03,263.03,263.03,5,0
20241008,224200,263.03,263.03,263.03,263.03,10,0
20241008,224500,263,263,263,263,1,0
20241008,225100,262.98,262.98,262.98,262.98,6,0
20241008,230600,263.01,263.01,263.01,263.01,1,0
20241008,231800,262.97,262.97,262.97,262.97,1,0
20241008,232900,263.1,263.1,263.1,263.1,9,0
20241008,234100,263.3,263.3,263.3,263.3,1,0
20241008,234500,263.2,263.2,263.2,263.2,2,0
20241008,234800,263.17,263.17,263.17,263.17,3,0
20241008,234900,262.92,262.92,262.9,262.9,4,0
20241009,100100,262.91,262.91,262.91,262.91,2,0
20241009,100400,263.39,263.87,263.39,263.74,22,0
20241009,100700,263.49,263.49,263.34,263.34,4,0
20241009,100900,263.31,263.31,263.31,263.31,2,0
20241009,101000,263.36,263.46,263.36,263.46,3,0
20241009,101300,263.31,263.31,263.19,263.19,11,0
20241009,101700,263.11,263.11,263.11,263.11,1,0
20241009,101800,263.11,263.11,263.11,263.11,1,0
20241009,101900,263.04,263.04,262.91,262.91,3,0
20241009,102000,262.94,262.94,262.94,262.94,1,0
20241009,102100,262.92,262.92,262.82,262.82,20,0
20241009,102300,263.09,263.09,262.74,262.74,14,0
20241009,102400,262.71,262.71,262.16,262.16,16,0
20241009,102500,262.1,262.4,262.1,262.4,5,0
20241009,102600,262.35,262.35,262.35,262.35,10,0
20241009,102700,262.44,262.44,262.44,262.44,2,0
20241009,102800,262.37,262.37,262.3,262.3,4,0
20241009,103000,262.3,262.3,262.3,262.3,1,0
20241009,103100,262.32,262.47,262.32,262.47,34,0
20241009,103200,262.47,262.47,262.47,262.47,1,0
20241009,103600,262.39,262.46,262.39,262.46,95,0
20241009,103700,262.46,262.46,262.46,262.46,12,0
20241009,103800,262.38,262.43,262.37,262.37,4,0
20241009,104200,262.34,262.37,262.3,262.3,12,0
20241009,104300,262.3,262.3,262.15,262.15,56,0
20241009,104400,262.19,262.19,262.19,262.19,1,0
20241009,104500,262.12,262.12,262.06,262.06,2,0
20241009,104600,262.24,262.24,262.24,262.24,2,0
20241009,104900,262.38,262.38,262.38,262.38,4,0
20241009,105400,262.25,262.25,262.25,262.25,3,0
20241009,105500,262.06,262.06,262.06,262.06,2,0
20241009,105700,262.21,262.21,262.21,262.21,2,0
20241009,105800,262.21,262.21,262.21,262.21,2,0
20241009,105900,262.08,262.18,262.08,262.18,2,0
20241009,110000,262.05,262.06,262.05,262.06,2,0
20241009,110100,262.09,262.1,262.02,262.02,3,0
20241009,110200,262.32,262.32,262.27,262.27,2,0
20241009,110300,262.38,262.38,262.38,262.38,2,0
20241009,110500,262.2,262.2,262.06,262.06,7,0
20241009,110600,262.02,262.02,261.72,261.85,137,0
20241009,110700,261.85,261.99,261.85,261.99,8,0
20241009,110900,262.24,262.33,262.24,262.33,3,0
20241009,111300,262.39,262.39,262.39,262.39,10,0
20241009,111500,262.48,262.48,262.3,262.3,2,0
20241009,111700,262.3,262.3,262.3,262.3,8,0
20241009,111800,262.3,262.3,262.3,262.3,2,0
20241009,111900,262.32,262.32,262.32,262.32,1,0
20241009,112000,262.32,262.32,262.32,262.32,3,0
20241009,112300,262.32,262.32,262.32,262.32,1,0
20241009,112400,262.2,262.2,262.2,262.2,1,0
20241009,112500,262.11,262.11,262.06,262.06,2,0
20241009,112700,262.21,262.21,262.21,262.21,1,0
20241009,113600,262.51,262.53,262.51,262.53,2,0
20241009,113700,262.58,262.58,262.58,262.58,1,0
20241009,114100,262.53,262.53,262.5,262.5,3,0
20241009,114600,262.65,262.65,262.65,262.65,1,0
20241009,115000,262.5,262.5,262.5,262.5,2,0
20241009,115100,262.5,262.5,262.5,262.5,1,0
20241009,115500,262.5,262.5,262.5,262.5,2,0
20241009,115600,262.5,262.5,262.5,262.5,8,0
20241009,120000,262.09,262.09,262.05,262.05,3,0
20241009,120100,262.05,262.05,262.05,262.05,2,0
20241009,120300,262.24,262.24,262.24,262.24,1,0
20241009,120500,262.09,262.09,262.09,262.09,1,0
20241009,120600,262.04,262.06,262.04,262.06,3,0
20241009,120700,261.96,261.96,261.96,261.96,3,0
20241009,120800,261.85,261.85,261.8,261.82,6,0
20241009,120900,261.82,261.82,261.8,261.8,7,0
20241009,121100,261.92,261.92,261.92,261.92,1,0
20241009,121300,261.92,261.92,261.92,261.92,1,0
20241009,121400,261.91,261.91,261.91,261.91,1,0
20241009,121700,261.92,261.92,261.77,261.77,19,0
20241009,121800,261.68,261.68,261.39,261.48,17,0
20241009,122000,261.63,261.63,261.63,261.63,2,0
20241009,122100,261.46,261.46,261.46,261.46,1,0
20241009,122200,261.47,261.5,261.47,261.5,100,0
20241009,122300,261.32,261.32,261.31,261.31,7,0
20241009,122600,261.32,261.32,261.32,261.32,5,0
20241009,122800,261.32,261.35,261.32,261.34,36,0
20241009,122900,261.32,261.32,261.15,261.15,65,0
20241009,123000,261.08,261.08,261,261.01,59,0
20241009,123100,261.02,261.08,261.01,261.08,5,0
20241009,123200,261.08,261.36,261.08,261.36,9,0
20241009,123400,261.5,261.53,261.5,261.53,4,0
20241009,123600,261.73,261.73,261.73,261.73,6,0
20241009,123700,261.74,261.74,261.73,261.73,12,0
20241009,123800,261.73,261.73,261.61,261.65,5,0
20241009,123900,261.65,261.75,261.65,261.75,4,0
20241009,124200,261.65,261.65,261.54,261.54,2,0
20241009,124300,261.48,261.49,261.48,261.49,3,0
20241009,125000,261.77,261.78,261.77,261.78,100,0
20241009,125300,261.61,261.61,261.61,261.61,8,0
20241009,125400,261.61,261.61,261.61,261.61,2,0
20241009,125500,261.58,261.58,261.58,261.58,1,0
20241009,125700,261.6,261.6,261.6,261.6,3,0
20241009,125800,261.5,261.5,261.5,261.5,1,0
20241009,130000,261.4,261.4,261.4,261.4,1,0
20241009,130500,261.44,261.44,261.44,261.44,1,0
20241009,130600,261.32,261.32,261.32,261.32,1,0
20241009,130900,261.4,261.4,261.4,261.4,1,0
20241009,131000,261.34,261.34,261.32,261.32,6,0
20241009,131100,261.28,261.28,261.28,261.28,1,0
20241009,131300,261.46,261.46,261.46,261.46,1,0
20241009,131400,261.6,261.63,261.52,261.63,6,0
20241009,131500,261.53,261.53,261.43,261.43,3,0
20241009,131800,261.33,261.33,261.3,261.3,4,0
20241009,132200,261.26,261.26,261.25,261.25,2,0
20241009,132400,261.1,261.1,261.08,261.08,3,0
20241009,132500,261.12,261.12,261.02,261.02,3,0
20241009,132600,261.02,261.02,260.96,260.96,132,0
20241009,132700,260.96,260.96,260.96,260.96,6,0
20241009,132800,260.96,260.96,260.96,260.96,1,0
20241009,132900,260.96,261,260.89,260.89,8,0
20241009,133000,260.99,261,260.99,261,2,0
20241009,133100,260.9,260.9,260.88,260.88,3,0
20241009,133300,260.7,260.7,260.7,260.7,3,0
20241009,133400,260.7,260.7,260.7,260.7,1,0
20241009,133600,260.63,260.63,260.48,260.48,10,0
20241009,133700,260.66,260.7,260.66,260.7,10,0
20241009,134200,260.86,260.89,260.86,260.89,8,0
20241009,134400,260.98,260.98,260.98,260.98,1,0
20241009,134500,260.86,260.86,260.86,260.86,2,0
20241009,135000,260.87,260.87,260.86,260.86,4,0
20241009,135100,260.85,260.86,260.85,260.86,10,0
20241009,135200,260.86,260.86,260.86,260.86,21,0
20241009,135300,260.75,260.75,260.6,260.6,3,0
20241009,135500,260.5,260.5,260.46,260.46,3,0
20241009,135800,260.74,260.86,260.74,260.86,31,0
20241009,135900,260.86,260.86,260.86,260.86,1,0
20241009,140600,260.59,260.59,260.59,260.59,1,0
20241009,140800,260.81,260.81,260.81,260.81,1,0
20241009,140900,260.86,260.86,260.85,260.86,25,0
20241009,141000,260.86,261.1,260.86,261.1,43,0
20241009,141100,261.08,261.08,261.08,261.08,2,0
20241009,141400,261.02,261.02,261.02,261.02,1,0
20241009,141500,261.07,261.07,261.07,261.07,2,0
20241009,141600,261.07,261.07,261.07,261.07,2,0
20241009,141700,261.04,261.13,261.04,261.13,5,0
20241009,141800,261.02,261.02,261.02,261.02,2,0
20241009,141900,261.02,261.02,261.02,261.02,1,0
20241009,142000,261.02,261.02,261,261,4,0
20241009,142700,261.27,261.42,261.27,261.42,5,0
20241009,143000,261.49,261.5,261.49,261.5,2,0
20241009,143100,261.5,261.5,261.45,261.45,11,0
20241009,143300,261.36,261.36,261.36,261.36,3,0
20241009,143500,261.55,261.55,261.55,261.55,2,0
20241009,143600,261.56,261.56,261.55,261.55,6,0
20241009,143800,261.53,261.53,261.53,261.53,1,0
20241009,143900,261.5,261.5,261.5,261.5,2,0
20241009,144000,261.5,261.5,261.5,261.5,1,0
20241009,144200,261.5,261.5,261.26,261.26,2,0
20241009,144800,261.26,261.26,261.26,261.26,1,0
20241009,144900,261.38,261.38,261.38,261.38,1,0
20241009,145100,261.29,261.29,261.29,261.29,1,0
20241009,145200,261.45,261.49,261.45,261.49,3,0
20241009,145300,261.55,261.55,261.55,261.55,3,0
20241009,145500,261.46,261.46,261.46,261.46,5,0
20241009,145600,261.41,261.41,261.33,261.33,12,0
20241009,145700,261.33,261.33,261.33,261.33,50,0
20241009,150000,261.4,261.4,261.4,261.4,3,0
20241009,150300,261.39,261.39,261.39,261.39,3,0
20241009,150600,261.23,261.23,261.09,261.09,3,0
20241009,151200,261.13,261.13,261.13,261.13,119,0
20241009,151300,261.13,261.13,261.13,261.13,5,0
20241009,151500,261.01,261.01,260.99,260.99,2,0
20241009,151600,260.97,260.97,260.97,260.97,1,0
20241009,151800,261,261.03,261,261.03,2,0
20241009,152000,260.98,260.98,260.98,260.98,1,0
20241009,152100,261.05,261.05,261.05,261.05,1,0
20241009,152500,261.06,261.06,261.06,261.06,5,0
20241009,152600,261.01,261.01,260.78,260.78,42,0
20241009,153100,261.03,261.04,261,261,7,0
20241009,153300,261,261,261,261,1,0
20241009,153600,261.25,261.25,261.25,261.25,3,0
20241009,153700,261.2,261.2,261.2,261.2,4,0
20241009,153900,261,261,261,261,1,0
20241009,154000,260.92,260.98,260.91,260.98,5,0
20241009,154200,260.95,260.95,260.95,260.95,2,0
20241009,155100,261.03,261.03,261.03,261.03,1,0
20241009,155200,261.2,261.26,261.2,261.26,122,0
20241009,155300,261.31,261.31,261.25,261.25,3,0
20241009,155400,261.33,261.33,261.25,261.25,12,0
20241009,161000,261,261,261,261,1,0
20241009,161200,260.83,260.83,260.83,260.83,2,0
20241009,161300,260.78,260.78,260.78,260.78,1,0
20241009,161400,260.77,260.81,260.77,260.81,4,0
20241009,162100,260.66,260.66,260.66,260.66,1,0
20241009,162500,260.56,260.56,260.56,260.56,16,0
20241009,162600,260.56,260.56,260.56,260.56,5,0
20241009,162700,260.56,260.56,260.56,260.56,8,0
20241009,162800,260.58,260.58,260.58,260.58,1,0
20241009,163400,260.57,260.57,260.57,260.57,2,0
20241009,163500,260.57,260.57,260.57,260.57,3,0
20241009,163800,260.64,260.64,260.64,260.64,2,0
20241009,163900,260.59,260.59,260.58,260.58,2,0
20241009,164000,260.64,260.65,260.58,260.58,8,0
20241009,164300,260.57,260.57,260.56,260.56,26,0
20241009,164400,260.5,260.5,260.35,260.38,26,0
20241009,164500,260.35,260.35,260.29,260.34,7,0
20241009,164700,260.24,260.25,260.24,260.25,2,0
20241009,164800,260.25,260.45,260.25,260.45,28,0
20241009,164900,260.55,260.7,260.55,260.7,11,0
20241009,165100,260.65,260.68,260.65,260.68,6,0
20241009,165200,260.56,260.56,260.55,260.55,5,0
20241009,165700,260.55,260.55,260.55,260.55,4,0
20241009,165900,260.52,260.52,260.52,260.52,2,0
20241009,170000,260.55,260.6,260.55,260.6,6,0
20241009,170100,260.65,260.7,260.65,260.7,10,0
20241009,170300,260.86,260.88,260.86,260.88,101,0
20241009,170500,260.95,260.95,260.95,260.95,1,0
20241009,170700,260.8,260.8,260.8,260.8,20,0
20241009,171100,260.64,260.64,260.6,260.6,5,0
20241009,171600,260.52,260.52,260.5,260.5,15,0
20241009,171700,260.5,260.5,260.5,260.5,12,0
20241009,171800,260.5,260.51,260.45,260.51,6,0
20241009,172100,260.47,260.47,260.47,260.47,2,0
20241009,172400,260.42,260.54,260.4,260.54,32,0
20241009,172600,260.71,260.71,260.71,260.71,1,0
20241009,172700,260.86,260.86,260.86,260.86,1,0
20241009,172800,260.7,260.87,260.7,260.87,11,0
20241009,173000,260.67,260.8,260.67,260.8,30,0
20241009,173100,260.62,260.62,260.62,260.62,1,0
20241009,173400,260.68,260.68,260.68,260.68,25,0
20241009,173700,260.63,260.63,260.63,260.63,1,0
20241009,173800,260.44,260.44,260.44,260.44,1,0
20241009,174200,260.54,260.54,260.54,260.54,2,0
20241009,174500,260.5,260.5,260.47,260.47,15,0
20241009,174600,260.47,260.47,260.35,260.35,30,0
20241009,174700,260.35,260.35,260.35,260.35,1,0
20241009,174900,260.32,260.32,260.2,260.2,11,0
20241009,175000,260.2,260.2,260.05,260.05,21,0
20241009,175100,260.05,260.05,260.05,260.05,5,0
20241009,175500,260.37,260.37,260.36,260.36,2,0
20241009,180300,260.46,260.46,260.42,260.42,37,0
20241009,180600,260.47,260.47,260.47,260.47,20,0
20241009,180900,260.36,260.36,260.36,260.36,4,0
20241009,181100,260.27,260.28,260.27,260.28,25,0
20241009,181400,260.39,260.39,260.39,260.39,5,0
20241009,181500,260.4,260.41,260.4,260.41,2,0
20241009,181700,260.42,260.42,260.42,260.42,1,0
20241009,181800,260.41,260.41,260.3,260.3,5,0
20241009,182600,260.31,260.31,260.31,260.31,5,0
20241009,182700,260.31,260.31,260.26,260.26,5,0
20241009,182800,260.26,260.3,260.26,260.26,11,0
20241009,183300,260.49,260.49,260.49,260.49,1,0
20241009,184000,260.37,260.37,260.23,260.23,3,0
20241009,184100,260.22,260.22,260.22,260.22,2,0
20241009,184400,260.24,260.24,260.24,260.24,1,0
20241009,184600,260.21,260.21,260.21,260.21,10,0
20241009,190600,260.3,260.3,260.3,260.3,2,0
20241009,190800,260.21,260.21,260.21,260.21,1,0
20241009,191000,260.26,260.45,260.26,260.45,2,0
20241009,191300,260.29,260.29,260.23,260.23,14,0
20241009,192500,260.62,260.62,260.62,260.62,1,0
20241009,192700,260.62,260.62,260.62,260.62,1,0
20241009,192900,260.62,260.87,260.62,260.87,91,0
20241009,193600,260.56,260.56,260.55,260.55,2,0
20241009,194300,260.58,260.58,260.58,260.58,1,0
20241009,194400,260.55,260.55,260.55,260.55,4,0
20241009,194500,260.55,260.55,260.55,260.55,1,0
20241009,195300,260.49,260.49,260.49,260.49,1,0
20241009,195600,260.46,260.46,260.46,260.46,1,0
20241009,195800,260.56,260.61,260.56,260.61,2,0
20241009,195900,260.45,260.45,260.45,260.45,1,0
20241009,201300,260.59,260.59,260.59,260.59,1,0
20241009,202500,260.68,260.7,260.68,260.7,4,0
20241009,202600,260.78,260.78,260.78,260.78,3,0
20241009,203400,260.54,260.6,260.54,260.57,11,0
20241009,204200,260.42,260.42,260.41,260.41,4,0
20241009,205100,260.53,260.53,260.4,260.4,10,0
20241009,205700,260.73,260.74,260.73,260.74,6,0
20241009,205900,260.8,260.8,260.8,260.8,3,0
20241009,210400,260.8,260.8,260.8,260.8,2,0
20241009,210600,260.8,260.8,260.8,260.8,1,0
20241009,211000,260.77,260.77,260.77,260.77,1,0
20241009,211500,260.76,260.76,260.76,260.76,1,0
20241009,213600,260.61,260.61,260.55,260.55,4,0
20241009,214900,260.55,260.55,260.55,260.55,1,0
20241009,220600,260.55,260.55,260.55,260.55,1,0
20241009,221400,260.76,260.76,260.76,260.76,1,0
20241009,222700,260.53,260.53,260.5,260.5,5,0
20241009,222800,260.45,260.45,260.44,260.44,2,0
20241009,223500,260.73,260.73,260.73,260.73,1,0
20241009,224200,260.74,260.74,260.74,260.74,1,0
20241009,224500,260.82,260.82,260.82,260.82,1,0
20241009,224600,260.89,260.9,260.89,260.9,2,0
20241009,225600,261.03,261.11,261.03,261.11,2,0
20241009,225900,260.99,261.02,260.99,261.02,20,0
20241009,234100,261.19,261.4,261.19,261.28,8,0
20241009,234300,261.4,261.4,261.4,261.4,25,0
20241009,234500,261.4,261.4,261.4,261.4,20,0
20241009,234800,261.43,261.43,261.43,261.43,1,0
20241009,234900,261.1,261.1,261.1,261.1,10,0
