20241001,100100,140.27,140.27,140.27,140.27,5,0
20241001,100300,137.63,137.63,137.63,137.63,5,0
20241001,100400,138.55,138.55,138.55,138.55,5,0
20241001,101300,138.3,138.3,138.3,138.3,100,0
20241001,101600,138.2,138.2,138.2,138.2,10,0
20241001,101800,138.27,138.27,138.27,138.27,10,0
20241001,101900,138.27,138.51,138.27,138.51,11,0
20241001,102100,138.92,138.92,138.92,138.92,1,0
20241001,103600,138.77,138.77,138.77,138.77,10,0
20241001,104400,138.27,138.27,138.21,138.21,12,0
20241001,105300,138.3,138.3,138.3,138.3,1,0
20241001,105600,138.1,138.1,137.77,137.77,109,0
20241001,105800,137.65,137.65,137.65,137.65,1,0
20241001,110000,137.65,137.65,137.65,137.65,1,0
20241001,110100,138.03,138.03,138.03,138.03,10,0
20241001,110200,137.97,137.97,137.97,137.97,9,0
20241001,110400,137.84,137.84,137.84,137.84,1,0
20241001,110800,137.27,137.27,137.27,137.27,20,0
20241001,111100,137.64,137.64,137.64,137.64,10,0
20241001,111900,138.02,138.02,138.02,138.02,1,0
20241001,112200,137.52,137.7,137.4,137.4,12,0
20241001,112300,137.69,137.69,137.69,137.69,1,0
20241001,112700,137.23,137.23,137.23,137.23,1,0
20241001,112900,137.26,137.6,137.26,137.6,7,0
20241001,113300,137.59,137.59,137.59,137.59,1,0
20241001,113900,137.03,137.1,137.01,137.1,311,0
20241001,115000,137.11,137.11,137,137,12,0
20241001,115300,136.85,136.85,136.85,136.85,2,0
20241001,115500,136.62,136.62,136.58,136.58,9,0
20241001,115600,136.74,136.74,136.74,136.74,2,0
20241001,120000,136.75,136.75,136.75,136.75,1,0
20241001,120700,136.72,136.72,136.72,136.72,8,0
20241001,121000,136.37,136.37,136.37,136.37,3,0
20241001,121100,135.6,135.6,135.6,135.6,10,0
20241001,121500,136.32,136.32,136.32,136.32,1,0
20241001,121700,137,137,137,137,40,0
20241001,122900,136.53,136.53,136.53,136.53,1,0
20241001,123100,136.59,136.64,136.59,136.64,20,0
20241001,123200,136.76,137,136.76,137,42,0
20241001,124100,137,137,137,137,5,0
20241001,124300,137,137.1,137,137.1,7,0
20241001,124600,137.1,137.1,137.1,137.1,1,0
20241001,125200,137.37,137.38,137.37,137.38,11,0
20241001,125300,137.46,137.46,137.46,137.46,10,0
20241001,125400,137.47,137.5,137.47,137.5,21,0
20241001,125500,137.7,137.7,137.7,137.7,1,0
20241001,125600,137.27,137.27,137.27,137.27,10,0
20241001,130600,137.19,137.19,137,137,2,0
20241001,130800,137,137,137,137,1,0
20241001,131500,137.12,137.12,137.12,137.12,297,0
20241001,132300,138.53,138.53,138.53,138.53,1,0
20241001,132400,138.21,138.21,138.2,138.2,26,0
20241001,132700,138.17,138.17,137.9,137.9,2,0
20241001,133000,137.74,137.74,137.74,137.74,9,0
20241001,133800,137.97,137.97,137.97,137.97,1,0
20241001,134000,137.83,137.83,137.83,137.83,1,0
20241001,134500,137.98,137.98,137.98,137.98,1,0
20241001,134600,137.92,137.92,137.92,137.92,1,0
20241001,135000,137.49,137.49,137.49,137.49,10,0
20241001,141900,137.2,137.2,137.2,137.2,1,0
20241001,142500,137.13,137.13,136.99,136.99,26,0
20241001,142700,136.55,136.55,136.08,136.08,23,0
20241001,143000,136.36,136.36,136,136,3,0
20241001,143200,136,136,136,136,2,0
20241001,143600,136.07,136.07,136.07,136.07,1,0
20241001,143900,136.22,136.5,136.07,136.5,9,0
20241001,144100,136.38,136.38,136.38,136.38,1,0
20241001,144800,136.6,136.6,136.6,136.6,6,0
20241001,145400,136.66,136.66,136.66,136.66,10,0
20241001,145800,137.06,137.06,137.06,137.06,5,0
20241001,150100,137.08,137.08,137.08,137.08,1,0
20241001,150900,136.73,136.73,136.73,136.73,2,0
20241001,152300,136.6,136.73,136.6,136.73,30,0
20241001,152400,136.73,136.73,136.73,136.73,20,0
20241001,153400,136.6,136.6,136.6,136.6,5,0
20241001,154600,136.6,136.73,136.6,136.73,8,0
20241001,154900,136.71,136.71,136.71,136.71,15,0
20241001,160500,136.66,136.66,136.66,136.66,2,0
20241001,160900,136.3,136.3,136.27,136.27,4,0
20241001,161400,136.23,136.23,136.23,136.23,3,0
20241001,161900,136.02,136.02,136,136,34,0
20241001,162000,135.87,135.87,135.87,135.87,1,0
20241001,162600,135.26,135.26,135,135,6,0
20241001,162700,135,135,135,135,1,0
20241001,162900,135.55,135.7,135.35,135.7,41,0
20241001,163400,135.61,135.61,135.3,135.3,2,0
20241001,163500,135.4,135.74,135.4,135.74,11,0
20241001,163800,136.2,136.2,136.2,136.2,10,0
20241001,164200,136.2,136.2,136.2,136.2,2,0
20241001,164800,136.1,136.1,136.09,136.09,3,0
20241001,164900,136,136,136,136,3,0
20241001,165200,136.34,136.34,136.34,136.34,10,0
20241001,165400,136.47,136.49,136.47,136.49,20,0
20241001,165600,136.5,136.5,136.5,136.5,75,0
20241001,165800,136.48,136.5,136.48,136.5,37,0
20241001,170600,136.65,136.83,136.65,136.83,21,0
20241001,171900,136,136,136,136,6,0
20241001,172000,136.02,136.02,135.94,135.96,35,0
20241001,172300,136.06,136.06,136.06,136.06,5,0
20241001,173000,135.9,135.9,135.9,135.9,1,0
20241001,173500,135.9,135.9,135.9,135.9,1,0
20241001,173800,135.83,135.83,135.83,135.83,10,0
20241001,173900,135.86,135.86,135.85,135.85,10,0
20241001,174400,135.7,135.7,135.7,135.7,3,0
20241001,174600,135.79,135.79,135.79,135.79,20,0
20241001,174800,135.63,135.63,135.63,135.63,10,0
20241001,175300,135.94,135.94,135.94,135.94,5,0
20241001,180200,136.04,136.04,136.04,136.04,3,0
20241001,180300,135.98,135.98,135.98,135.98,1,0
20241001,181000,135.33,135.36,135.33,135.36,6,0
20241001,181100,135.35,135.35,135.35,135.35,5,0
20241001,181400,135.26,135.26,135.26,135.26,1,0
20241001,181600,135.26,135.26,135.26,135.26,1,0
20241001,181900,135.51,135.51,135.51,135.51,1,0
20241001,182200,135.4,135.4,135.4,135.4,4,0
20241001,182600,135.56,135.56,135.56,135.56,1,0
20241001,183700,135.13,135.13,135.13,135.13,3,0
20241001,183900,135,135,135,135,1,0
20241001,184300,134.9,134.9,134.9,134.9,1,0
20241001,184900,134.9,135.9,134.9,135.9,24,0
20241001,190600,135.36,135.36,135.36,135.36,14,0
20241001,191300,135,135,134.64,134.64,5,0
20241001,191500,134.48,134.48,134.48,134.48,3,0
20241001,191900,134.89,134.9,134.89,134.9,5,0
20241001,192400,135.18,135.18,135.18,135.18,1,0
20241001,192900,135.1,135.1,135.1,135.1,1,0
20241001,193000,134.9,134.92,134.9,134.92,18,0
20241001,193300,134.78,134.78,134.77,134.77,5,0
20241001,194600,135.11,135.21,135.11,135.21,3,0
20241001,195100,135.26,135.26,135.26,135.26,1,0
20241001,195800,135.29,135.34,135.29,135.34,91,0
20241001,200000,135.31,135.31,135.31,135.31,1,0
20241001,200300,135.4,135.42,135.4,135.42,3,0
20241001,200400,135.54,135.54,135.54,135.54,15,0
20241001,200500,135.63,135.63,135.63,135.63,1,0
20241001,200600,135.63,135.63,135.57,135.57,4,0
20241001,200700,135.6,135.6,135.6,135.6,6,0
20241001,200800,135.68,135.68,135.68,135.68,10,0
20241001,200900,135.88,135.88,135.88,135.88,6,0
20241001,201000,135.88,135.99,135.88,135.99,5,0
20241001,201100,136,136,135.94,135.94,2,0
20241001,201200,136,136,135.98,135.98,4,0
20241001,201300,135.94,135.94,135.94,135.94,1,0
20241001,201400,135.97,135.98,135.97,135.98,2,0
20241001,201600,135.98,135.98,135.98,135.98,1,0
20241001,201800,135.98,135.98,135.98,135.98,2,0
20241001,201900,135.98,135.98,135.98,135.98,1,0
20241001,202000,135.97,135.98,135.69,135.98,16,0
20241001,202100,135.98,135.98,135.98,135.98,2,0
20241001,202200,135.98,135.98,135.98,135.98,9,0
20241001,202300,135.96,135.98,135.88,135.98,17,0
20241001,202400,135.98,136.3,135.98,136.3,4,0
20241001,202600,136.02,136.02,136.02,136.02,1,0
20241001,202700,136.03,136.03,136.03,136.03,2,0
20241001,202900,136.01,136.01,135.84,135.84,25,0
20241001,203000,135.61,135.61,135.6,135.6,16,0
20241001,203200,135.88,135.88,135.88,135.88,8,0
20241001,203400,135.75,135.75,135.54,135.54,2,0
20241001,204700,135.5,135.5,135.15,135.15,25,0
20241001,205500,135.74,135.75,135.74,135.75,30,0
20241001,205700,135.25,135.25,135.13,135.13,94,0
20241001,210800,135.5,135.5,135.5,135.5,1,0
20241001,212800,135.03,135.03,135.03,135.03,1,0
20241001,212900,135.12,135.12,135.12,135.12,1,0
20241001,213600,135.24,135.24,135.24,135.24,1,0
20241001,213800,135.24,135.75,135.24,135.75,12,0
20241001,213900,135.89,135.89,135.89,135.89,9,0
20241001,214100,135.78,135.78,135.78,135.78,5,0
20241001,214600,135.6,135.6,135.6,135.6,1,0
20241001,214700,135.58,135.58,135.57,135.57,2,0
20241001,221600,135.94,135.94,135.94,135.94,1,0
20241001,221700,135.94,135.94,135.94,135.94,1,0
20241001,222400,135.91,135.94,135.91,135.94,9,0
20241001,222600,136,136,136,136,3,0
20241001,223200,135.89,135.89,135.89,135.89,2,0
20241001,233100,136.25,136.25,136.25,136.25,1,0
20241001,233300,136.25,136.25,136.25,136.25,3,0
20241001,233400,136.34,136.34,136.34,136.34,1,0
20241001,233600,136.33,136.33,136.33,136.33,20,0
20241001,233800,136.35,136.41,136.35,136.41,7,0
20241001,233900,136.35,136.41,136.35,136.41,10,0
20241001,234000,136.35,136.35,136.35,136.35,2,0
20241001,234400,136.41,136.47,136.41,136.47,10,0
20241001,234700,136.48,136.48,136.48,136.48,1,0
20241001,234800,136.48,136.5,136.48,136.5,10,0
20241002,100100,136.6,136.6,136.6,136.6,2,0
20241002,100200,136.42,136.42,136.42,136.42,5,0
20241002,100300,136.08,136.08,136.06,136.08,25,0
20241002,101100,136.05,136.05,136.05,136.05,527,0
20241002,101300,136.05,136.05,136.05,136.05,223,0
20241002,101500,136.05,136.05,136.05,136.05,170,0
20241002,101800,136.48,136.48,136.48,136.48,1,0
20241002,102200,136.35,136.35,136.2,136.23,362,0
20241002,102400,136.06,136.09,136.06,136.09,22,0
20241002,102500,136.05,136.05,136.05,136.05,107,0
20241002,102700,136.05,136.05,136.05,136.05,15,0
20241002,102800,136.05,136.05,136.05,136.05,128,0
20241002,103000,136.41,136.41,136.41,136.41,1,0
20241002,103200,136.58,136.58,136.58,136.58,1,0
20241002,103600,136.36,136.37,136.36,136.37,3,0
20241002,104000,136.53,136.53,136.53,136.53,10,0
20241002,104100,136.53,136.53,136.53,136.53,1,0
20241002,104300,136.58,136.6,136.58,136.6,3,0
20241002,104400,136.9,136.9,136.9,136.9,2,0
20241002,104500,136.9,137,136.9,137,18,0
20241002,104700,137,137,137,137,7,0
20241002,105500,136.72,137.18,136.72,137.18,151,0
20241002,110000,137.2,137.2,137.2,137.2,10,0
20241002,110200,137.1,137.1,137.1,137.1,5,0
20241002,110300,137.1,137.1,137.1,137.1,10,0
20241002,110400,137.1,137.1,137.1,137.1,20,0
20241002,110500,137.1,137.1,137.1,137.1,1,0
20241002,110600,137.1,137.1,137.1,137.1,64,0
20241002,111000,136.96,136.96,136.95,136.95,14,0
20241002,111100,136.8,136.8,136.8,136.8,102,0
20241002,112600,136.8,136.8,136.8,136.8,5,0
20241002,113100,136.8,136.8,136.8,136.8,1,0
20241002,113300,136.7,136.7,136.7,136.7,6,0
20241002,113400,136.7,136.7,136.62,136.62,4,0
20241002,113500,136.57,136.57,136.57,136.57,100,0
20241002,113600,136.51,136.51,136.51,136.51,1,0
20241002,113700,136.5,136.5,136.5,136.5,4,0
20241002,114000,136.5,136.5,136.5,136.5,26,0
20241002,115000,136.5,136.5,136.5,136.5,60,0
20241002,115300,136.79,136.79,136.79,136.79,1,0
20241002,115600,136.79,136.8,136.79,136.8,2,0
20241002,115800,136.8,136.8,136.8,136.8,1,0
20241002,120000,136.8,136.8,136.8,136.8,4,0
20241002,120600,136.57,136.57,136.56,136.56,3,0
20241002,120700,136.5,136.5,136.5,136.5,2,0
20241002,121600,136.33,136.33,136.33,136.33,1,0
20241002,121800,136.31,136.31,136.3,136.3,131,0
20241002,122400,136.3,136.3,136.3,136.3,101,0
20241002,122700,136.07,136.07,136.07,136.07,1,0
20241002,123000,136.05,136.05,135.86,135.86,64,0
20241002,123500,135.83,135.83,135.82,135.82,10,0
20241002,123800,135.82,135.82,135.81,135.81,41,0
20241002,124000,135.78,135.78,135.77,135.77,2,0
20241002,124100,135.84,135.84,135.84,135.84,1,0
20241002,124200,135.57,135.57,135.52,135.52,6,0
20241002,124300,135.51,135.51,135.51,135.51,10,0
20241002,124700,135.58,135.58,135.58,135.58,10,0
20241002,125000,135.6,135.6,135.6,135.6,5,0
20241002,125100,135.44,135.44,135.44,135.44,1,0
20241002,131900,136,136,136,136,1,0
20241002,132100,135.87,135.87,135.87,135.87,1,0
20241002,133600,136.09,136.09,136.09,136.09,1,0
20241002,135200,135.79,135.79,135.78,135.78,2,0
20241002,135400,135.51,135.51,135.51,135.51,1,0
20241002,135800,135.87,135.94,135.87,135.94,2,0
20241002,140600,135.71,135.71,135.71,135.71,1,0
20241002,141000,135.5,135.5,135.4,135.4,71,0
20241002,141100,135.4,135.4,135.4,135.4,15,0
20241002,141200,135.4,135.4,135.4,135.4,20,0
20241002,141300,135.4,135.4,135.4,135.4,5,0
20241002,141500,135.44,135.44,135.44,135.44,1,0
20241002,142300,135.6,135.6,135.6,135.6,4,0
20241002,142600,135.9,135.9,135.9,135.9,5,0
20241002,142900,135.82,135.82,135.82,135.82,1,0
20241002,143100,135.85,135.85,135.85,135.85,1,0
20241002,143200,135.72,135.72,135.63,135.63,16,0
20241002,143300,135.69,135.69,135.69,135.69,4,0
20241002,143400,135.63,135.63,135.63,135.63,5,0
20241002,143700,135.68,135.7,135.68,135.7,5,0
20241002,143800,135.7,135.7,135.61,135.61,15,0
20241002,144200,135.69,135.69,135.62,135.62,10,0
20241002,144400,135.58,135.58,135.27,135.27,7,0
20241002,144500,135.43,135.43,135.42,135.42,7,0
20241002,144600,135.34,135.34,135.34,135.34,1,0
20241002,144700,135.3,135.51,135.3,135.51,6,0
20241002,144800,135.25,135.25,135.25,135.25,1,0
20241002,144900,135.26,135.26,135.26,135.26,4,0
20241002,150200,135.45,135.45,135.45,135.45,5,0
20241002,150400,135.66,135.66,135.66,135.66,1,0
20241002,150500,135.64,135.64,135.27,135.27,3,0
20241002,150600,135.59,135.59,135.49,135.49,6,0
20241002,150700,135.27,135.27,135.27,135.27,4,0
20241002,150900,135.25,135.25,135.21,135.21,14,0
20241002,151000,135.23,135.23,135.23,135.23,1,0
20241002,151100,135.17,135.17,135.17,135.17,2,0
20241002,151200,135.17,135.17,135.17,135.17,3,0
20241002,151300,135.28,135.29,135.28,135.29,5,0
20241002,151400,135.29,135.32,135.29,135.32,2,0
20241002,151500,135.4,135.4,135.4,135.4,2,0
20241002,151600,135.35,135.35,135.35,135.35,3,0
20241002,151800,135.31,135.31,135.31,135.31,2,0
20241002,151900,135.35,135.35,135.35,135.35,1,0
20241002,152100,135.09,135.09,135.09,135.09,1,0
20241002,152200,135.18,135.18,135.18,135.18,5,0
20241002,152300,135.3,135.3,135.3,135.3,2,0
20241002,152400,135.18,135.18,135.18,135.18,2,0
20241002,152500,135.19,135.19,135.18,135.18,12,0
20241002,152600,135.12,135.12,135.12,135.12,3,0
20241002,152700,135.12,135.12,135.12,135.12,3,0
20241002,152800,135.21,135.21,135.21,135.21,10,0
20241002,152900,135.16,135.16,135.1,135.15,21,0
20241002,153100,135.11,135.11,135.11,135.11,1,0
20241002,153200,135.02,135.02,134.9,134.9,17,0
20241002,153400,134.89,134.89,134.69,134.69,55,0
20241002,153500,134.63,134.79,134.63,134.79,21,0
20241002,153600,134.82,134.82,134.78,134.78,2,0
20241002,153700,134.78,134.8,134.78,134.8,4,0
20241002,153800,134.76,134.8,134.76,134.79,17,0
20241002,153900,134.8,134.8,134.51,134.69,28,0
20241002,154000,134.68,134.78,134.68,134.78,4,0
20241002,154200,134.72,134.72,134.72,134.72,1,0
20241002,154300,134.82,134.82,134.82,134.82,2,0
20241002,154500,134.78,134.78,134.78,134.78,2,0
20241002,154700,134.73,134.73,134.73,134.73,1,0
20241002,154800,134.52,134.52,134.5,134.5,10,0
20241002,154900,134.48,134.48,134.48,134.48,2,0
20241002,155000,134.37,134.37,134.34,134.34,9,0
20241002,155200,134.28,134.51,134.28,134.51,2,0
20241002,155600,134.51,134.51,134.45,134.45,2,0
20241002,155700,134.34,134.34,134.34,134.34,6,0
20241002,155900,134.28,134.35,134.05,134.35,11,0
20241002,160000,134.35,134.35,134.35,134.35,1,0
20241002,160100,134.12,134.19,134,134,28,0
20241002,160200,134.04,134.04,133.69,133.69,54,0
20241002,160300,133.67,133.9,133.67,133.9,3,0
20241002,160400,133.87,133.87,133.87,133.87,2,0
20241002,160500,133.9,133.9,133.9,133.9,1,0
20241002,160700,133.97,133.97,133.97,133.97,2,0
20241002,160800,133.97,133.97,133.97,133.97,8,0
20241002,161000,134,134.41,134,134.41,51,0
20241002,161300,133.99,133.99,133.99,133.99,2,0
20241002,161400,134,134.22,134,134.22,2,0
20241002,161600,134.3,134.3,134.3,134.3,4,0
20241002,161700,134.38,134.38,134.36,134.36,8,0
20241002,161800,134.31,134.31,134.31,134.31,1,0
20241002,162300,134.09,134.09,134.09,134.09,10,0
20241002,162400,134.02,134.02,134.02,134.02,10,0
20241002,162500,134.23,134.23,133.91,134.12,20,0
20241002,163000,133.86,133.86,133.86,133.86,8,0
20241002,163100,133.96,133.96,133.96,133.96,3,0
20241002,163200,134,134,134,134,2,0
20241002,163400,134,134,133.7,133.7,4,0
20241002,163800,133.92,133.92,133.92,133.92,4,0
20241002,163900,133.94,133.94,133.94,133.94,3,0
20241002,164000,134.16,134.16,134.11,134.11,5,0
20241002,164200,134.12,134.12,134.12,134.12,1,0
20241002,164300,134.03,134.03,134.03,134.03,1,0
20241002,164500,134,134,134,134,6,0
20241002,164800,134.19,134.19,134.19,134.19,10,0
20241002,164900,134.37,134.37,134.37,134.37,8,0
20241002,165000,134.4,134.4,134.4,134.4,3,0
20241002,165100,134.4,134.4,134.4,134.4,1,0
20241002,165700,134.4,134.4,134.4,134.4,4,0
20241002,170300,134.41,134.41,134.41,134.41,1,0
20241002,170500,134.4,134.4,134.39,134.39,15,0
20241002,170800,134.28,134.28,134.13,134.13,11,0
20241002,170900,134,134,134,134,2,0
20241002,171000,133.98,133.98,133.94,133.97,3,0
20241002,171200,133.84,133.84,133.54,133.54,65,0
20241002,171400,133.55,133.55,133.55,133.55,10,0
20241002,171500,133.84,133.84,133.44,133.44,18,0
20241002,171600,133.41,133.62,133.14,133.62,13,0
20241002,171700,133.5,133.5,133.5,133.5,1,0
20241002,171800,133.18,133.3,133.1,133.3,10,0
20241002,171900,133.34,133.35,133.01,133.28,11,0
20241002,172000,133.28,133.5,133.28,133.46,18,0
20241002,172100,133.46,133.46,133.38,133.38,8,0
20241002,172200,133.41,133.45,133.41,133.45,8,0
20241002,172300,133.09,133.09,133.03,133.03,5,0
20241002,172500,133.04,133.04,133.04,133.04,1,0
20241002,172600,133,133,132.82,132.82,48,0
20241002,172700,132.85,132.97,132.85,132.97,20,0
20241002,172800,132.97,132.97,132.85,132.85,4,0
20241002,173000,132.82,132.82,132.82,132.82,1,0
20241002,173200,132.82,132.93,132.82,132.93,3,0
20241002,173500,132.95,132.97,132.79,132.79,6,0
20241002,173600,132.8,132.8,132.8,132.8,3,0
20241002,173800,132.74,132.74,132.74,132.74,1,0
20241002,174000,132.76,132.76,132.52,132.52,20,0
20241002,174200,132.81,132.81,132.81,132.81,4,0
20241002,174300,132.67,132.67,132.67,132.67,3,0
20241002,174500,132.51,132.59,132.51,132.59,31,0
20241002,174600,132.61,132.61,132.49,132.54,58,0
20241002,174700,132.48,132.54,132.47,132.51,42,0
20241002,174800,132.59,132.64,132.53,132.64,39,0
20241002,174900,132.77,132.77,132.77,132.77,11,0
20241002,175000,132.74,132.74,132.74,132.74,10,0
20241002,175100,132.9,132.98,132.9,132.98,14,0
20241002,175200,132.93,132.93,132.93,132.93,10,0
20241002,175300,132.93,132.93,132.93,132.93,10,0
20241002,175400,132.91,132.91,132.91,132.91,10,0
20241002,175600,132.98,132.98,132.78,132.78,17,0
20241002,175700,132.78,132.78,132.77,132.77,11,0
20241002,175800,132.86,132.86,132.76,132.76,31,0
20241002,175900,132.68,132.68,132.64,132.64,31,0
20241002,180000,132.52,132.52,132.52,132.52,62,0
20241002,180200,132.57,132.57,132.51,132.51,2,0
20241002,180400,132.54,132.54,132.54,132.54,1,0
20241002,180700,132.5,132.51,132.5,132.5,4,0
20241002,180900,132.5,132.5,132.5,132.5,7,0
20241002,181000,132.5,132.5,132.36,132.36,5,0
20241002,181100,132.59,132.59,132.59,132.59,3,0
20241002,181700,132.38,132.38,132.38,132.38,5,0
20241002,181900,132.38,132.38,132.38,132.38,1,0
20241002,182000,132.38,132.38,132.2,132.2,25,0
20241002,182100,132.13,132.13,132.13,132.13,9,0
20241002,182200,132.13,132.13,132.12,132.12,2,0
20241002,182300,132,132.03,131.62,132.03,63,0
20241002,182600,132.17,132.17,132.17,132.17,20,0
20241002,182800,132.38,132.38,132.38,132.38,1,0
20241002,182900,132.02,132.02,131.86,131.86,4,0
20241002,183100,132.32,132.33,132.29,132.29,4,0
20241002,183900,132.52,132.54,132.52,132.52,11,0
20241002,184500,132.65,132.65,132.65,132.65,4,0
20241002,191200,132.5,132.5,132.5,132.5,1,0
20241002,191900,132.31,132.31,132.3,132.3,10,0
20241002,192000,132.3,132.3,132.3,132.3,41,0
20241002,192200,132.06,132.06,132.06,132.06,4,0
20241002,192400,132.21,132.21,132.21,132.21,3,0
20241002,192500,132.27,132.27,132.27,132.27,1,0
20241002,192700,132.27,132.27,132.27,132.27,1,0
20241002,192800,132.35,132.35,132.18,132.18,5,0
20241002,193000,132.27,132.32,132.27,132.32,6,0
20241002,193800,132.24,132.24,132.24,132.24,4,0
20241002,194300,132.42,132.42,132.42,132.42,1,0
20241002,194500,132.54,132.54,132.54,132.54,2,0
20241002,194700,132.4,132.68,132.4,132.68,6,0
20241002,195700,132.35,132.35,132.35,132.35,2,0
20241002,195900,132.37,132.37,132.37,132.37,5,0
20241002,200000,132.37,132.37,132.37,132.37,5,0
20241002,200100,132.37,132.37,132.37,132.37,10,0
20241002,200200,132.37,132.37,132.36,132.37,212,0
20241002,200300,132.37,132.37,132.37,132.37,19,0
20241002,200400,132.74,132.74,132.74,132.74,5,0
20241002,200500,132.44,132.74,132.44,132.71,12,0
20241002,201400,132.29,132.29,132.29,132.29,1,0
20241002,201600,132.45,132.45,132.45,132.45,2,0
20241002,202600,132.29,132.29,132.29,132.29,1,0
20241002,202900,132.3,132.3,132.3,132.3,15,0
20241002,203000,132.3,132.3,132.3,132.3,10,0
20241002,203100,132.3,132.3,132.3,132.3,10,0
20241002,203300,132.3,132.3,132.3,132.3,8,0
20241002,203700,132.22,132.29,132.22,132.29,2,0
20241002,203900,132.3,132.3,132.3,132.3,1,0
20241002,204400,132.22,132.22,132.22,132.22,1,0
20241002,204500,132.21,132.21,132.21,132.21,1,0
20241002,204900,132.19,132.2,132.19,132.2,9,0
20241002,205100,132.3,132.3,132.3,132.3,56,0
20241002,210600,132.3,132.46,132.3,132.46,2,0
20241002,213400,132.26,132.29,132.26,132.29,3,0
20241002,214200,132.5,132.5,132.5,132.5,1,0
20241002,215600,132.5,132.5,132.5,132.5,99,0
20241002,215700,132.83,132.95,132.83,132.88,16,0
20241002,215900,133,133,133,133,1,0
20241002,220000,133,133,133,133,3,0
20241002,220200,132.78,132.78,132.77,132.77,8,0
20241002,220800,132.79,132.79,132.79,132.79,2,0
20241002,220900,132.57,132.57,132.57,132.57,2,0
20241002,221900,132.81,132.81,132.81,132.81,3,0
20241002,222800,132.79,132.79,132.79,132.79,1,0
20241002,223800,132.82,132.82,132.57,132.57,2,0
20241002,224600,132.66,132.66,132.66,132.66,1,0
20241002,225400,132.66,132.66,132.66,132.66,1,0
20241002,225600,132.66,132.66,132.66,132.66,4,0
20241002,232000,132.57,132.57,132.57,132.57,3,0
20241002,232800,132.57,132.57,132.57,132.57,1,0
20241002,233200,132.57,132.57,132.57,132.57,4,0
20241002,233700,132.5,132.5,132.5,132.5,1,0
20241003,100000,132,132.2,132,132,241,0
20241003,100100,132.18,132.18,132.18,132.18,2,0
20241003,100200,132.08,132.08,131.88,132.07,6,0
20241003,100400,132.21,132.21,132.21,132.21,2,0
20241003,100600,132.08,132.08,132,132,5,0
20241003,100700,131.95,131.95,131.95,131.95,1,0
20241003,100900,131.89,131.98,131.89,131.98,11,0
20241003,101000,132.2,132.2,132.2,132.2,10,0
20241003,101200,132.47,132.66,132.47,132.66,12,0
20241003,101300,132.51,132.51,132.51,132.51,4,0
20241003,101800,132.3,132.3,132.24,132.24,5,0
20241003,102000,132.03,132.03,132.03,132.03,2,0
20241003,102100,132.02,132.02,132,132,2,0
20241003,102500,132,132,132,132,100,0
20241003,102600,131.77,131.78,131.77,131.77,12,0
20241003,102700,131.55,131.55,131.45,131.45,12,0
20241003,102900,131.36,131.36,131.3,131.3,10,0
20241003,103000,131.3,131.3,131.3,131.3,5,0
20241003,103100,131.29,131.29,131.23,131.23,11,0
20241003,103300,131.16,131.19,131.09,131.19,12,0
20241003,103400,131.21,131.21,131.2,131.2,5,0
20241003,103500,131.47,131.47,131.47,131.47,52,0
20241003,103700,131.24,131.24,131.24,131.24,2,0
20241003,103900,131.2,131.2,131.18,131.18,3,0
20241003,104500,131.2,131.2,131.2,131.2,30,0
20241003,104700,131.06,131.06,131.06,131.06,1,0
20241003,104800,131.21,131.21,131.21,131.21,3,0
20241003,105000,131.34,131.34,131.34,131.34,1,0
20241003,105100,131.52,131.52,131.52,131.52,1,0
20241003,105200,131.58,131.58,131.58,131.58,1,0
20241003,105300,131.35,131.35,131.35,131.35,1,0
20241003,105400,131.48,131.48,131.48,131.48,1,0
20241003,105600,131.39,131.55,131.3,131.55,100,0
20241003,110300,131.62,131.62,131.62,131.62,10,0
20241003,110400,131.77,131.77,131.77,131.77,5,0
20241003,110500,131.77,131.77,131.77,131.77,18,0
20241003,110600,131.7,131.7,131.7,131.7,1,0
20241003,110900,131.57,131.57,131.57,131.57,1,0
20241003,111000,131.4,131.4,131.4,131.4,1,0
20241003,111400,131.38,131.38,131.38,131.38,1,0
20241003,112100,131.38,131.38,131.38,131.38,54,0
20241003,112200,131.3,131.3,131.3,131.3,5,0
20241003,112400,131.3,131.3,131.3,131.3,126,0
20241003,112500,131.3,131.3,131.21,131.21,20,0
20241003,113000,131.21,131.21,131.15,131.15,20,0
20241003,113100,131.42,131.43,131.42,131.43,5,0
20241003,113400,131.22,131.22,131.21,131.21,5,0
20241003,113500,131.42,131.42,131.42,131.42,3,0
20241003,113600,131.42,131.42,131.42,131.42,8,0
20241003,113800,131.43,131.43,131.43,131.43,4,0
20241003,114000,131.46,131.46,131.46,131.46,15,0
20241003,114100,131.46,131.66,131.46,131.66,189,0
20241003,114200,131.45,131.45,131.45,131.45,13,0
20241003,115000,131.52,131.52,131.52,131.52,1,0
20241003,115100,131.52,131.52,131.52,131.52,29,0
20241003,115600,131.11,131.11,131.11,131.11,1,0
20241003,115900,131.12,131.12,131.12,131.12,5,0
20241003,120300,131.29,131.29,131.29,131.29,1,0
20241003,120400,131.07,131.07,131.02,131.02,10,0
20241003,120600,131.19,131.19,131.19,131.19,1,0
20241003,120700,131.03,131.03,130.96,130.96,35,0
20241003,120800,130.96,130.96,130.79,130.79,9,0
20241003,121000,130.77,131.02,130.75,131.02,46,0
20241003,121600,130.98,130.98,130.98,130.98,10,0
20241003,121700,131.29,131.3,131.29,131.3,23,0
20241003,121800,131.29,131.29,131.24,131.24,8,0
20241003,123400,131.64,131.64,131.64,131.64,5,0
20241003,123500,131.65,131.68,131.65,131.68,9,0
20241003,123600,131.7,131.7,131.7,131.7,4,0
20241003,123800,131.64,131.64,131.64,131.64,1,0
20241003,124200,131.3,131.3,131.3,131.3,3,0
20241003,124300,131.31,131.31,131.31,131.31,2,0
20241003,124800,131.31,131.31,131.31,131.31,3,0
20241003,125400,131.3,131.3,131.3,131.3,7,0
20241003,125500,131.3,131.3,131.1,131.1,13,0
20241003,125900,131.1,131.1,131.1,131.1,1,0
20241003,130400,131.13,131.13,131.13,131.13,1,0
20241003,130800,131.11,131.11,131.11,131.11,1,0
20241003,130900,131.1,131.1,131.1,131.1,3,0
20241003,131200,131.1,131.1,131.1,131.1,1,0
20241003,132000,131.05,131.05,131.05,131.05,3,0
20241003,132100,131.05,131.05,131.05,131.05,1,0
20241003,132200,131.06,131.19,131.06,131.19,7,0
20241003,132300,131.04,131.04,130.87,130.87,4,0
20241003,132400,130.85,130.85,130.79,130.79,2,0
20241003,132600,130.8,130.8,130.79,130.79,2,0
20241003,132700,130.79,130.82,130.62,130.7,12,0
20241003,132800,130.84,130.89,130.84,130.89,2,0
20241003,132900,130.71,130.71,130.7,130.7,2,0
20241003,133000,130.7,130.7,130.51,130.51,2,0
20241003,133500,130.89,131.06,130.89,131.06,12,0
20241003,133700,130.83,130.83,130.78,130.78,8,0
20241003,133800,130.84,130.84,130.84,130.84,3,0
20241003,133900,130.84,130.84,130.83,130.84,68,0
20241003,134000,130.84,130.84,130.84,130.84,30,0
20241003,135400,130.67,130.67,130.67,130.67,5,0
20241003,135500,130.77,130.77,130.77,130.77,5,0
20241003,141000,130.62,130.62,130.62,130.62,1,0
20241003,141300,130.8,130.8,130.8,130.8,8,0
20241003,141400,130.8,130.8,130.8,130.8,4,0
20241003,141500,130.8,130.93,130.8,130.93,68,0
20241003,141600,130.79,130.79,130.79,130.79,1,0
20241003,141700,130.93,131,130.93,131,19,0
20241003,142000,131.14,131.14,131.14,131.14,1,0
20241003,142300,131.14,131.14,131.14,131.14,1,0
20241003,142600,131.07,131.07,131.07,131.07,1,0
20241003,142700,131,131.15,131,131.15,12,0
20241003,142800,131.03,131.03,131.03,131.03,1,0
20241003,143300,130.92,130.92,130.92,130.92,6,0
20241003,144200,131.1,131.1,130.93,130.93,3,0
20241003,144700,131.05,131.05,131.05,131.05,1,0
20241003,150100,131.26,131.3,131.26,131.3,13,0
20241003,150200,131.49,131.49,131.49,131.49,1,0
20241003,150600,131.5,131.5,131.5,131.5,5,0
20241003,150800,131.41,131.52,131.4,131.52,6,0
20241003,152200,131.6,131.6,131.6,131.6,3,0
20241003,152300,131.6,131.68,131.6,131.68,14,0
20241003,152400,131.69,131.91,131.69,131.91,24,0
20241003,152600,131.93,132.37,131.93,132.37,33,0
20241003,152700,132.37,132.4,132.37,132.4,51,0
20241003,152800,132.61,132.61,132.4,132.4,21,0
20241003,152900,132.4,132.4,132.16,132.19,5,0
20241003,153200,132.12,132.15,132.12,132.15,2,0
20241003,153300,132.11,132.19,132.11,132.19,4,0
20241003,153400,132.44,132.69,132.44,132.69,9,0
20241003,153500,133,133.44,133,133.43,5,0
20241003,153700,133.22,133.22,133.22,133.22,2,0
20241003,153800,133.36,133.36,133.36,133.36,1,0
20241003,155100,132.76,132.76,132.76,132.76,10,0
20241003,155200,132.55,132.55,132.42,132.42,11,0
20241003,155300,132.29,132.29,132.29,132.29,5,0
20241003,155600,132.63,132.63,132.63,132.63,1,0
20241003,155700,132.45,132.45,132.45,132.45,3,0
20241003,155800,132.42,132.42,132.42,132.42,8,0
20241003,160000,132.6,132.6,132.6,132.6,19,0
20241003,160100,132.6,132.6,132.3,132.3,5,0
20241003,160200,132.44,132.44,132.44,132.44,1,0
20241003,160600,132.28,132.28,132.04,132.04,16,0
20241003,160700,132.15,132.16,132.04,132.04,4,0
20241003,161800,132.21,132.21,132.21,132.21,5,0
20241003,162200,132.04,132.04,132.04,132.04,1,0
20241003,162700,132.47,132.47,132.47,132.47,2,0
20241003,162900,132.58,132.59,132.58,132.59,5,0
20241003,163200,132.58,132.59,132.58,132.59,2,0
20241003,163400,132.32,132.58,132.32,132.58,10,0
20241003,164300,132.75,132.75,132.75,132.75,10,0
20241003,164400,132.85,133.25,132.85,133.25,20,0
20241003,164500,133.25,134.15,133.25,133.81,162,0
20241003,164600,134.01,134.01,134.01,134.01,1,0
20241003,164700,134.03,134.03,134.03,134.03,25,0
20241003,164900,133.88,134.07,133.88,134.07,4,0
20241003,165800,133.88,134.06,133.88,134.06,12,0
20241003,165900,133.88,133.88,133.88,133.88,2,0
20241003,170600,133.72,133.72,133.65,133.65,13,0
20241003,171200,133.65,133.65,133.65,133.65,1,0
20241003,171400,133.65,133.65,133.65,133.65,4,0
20241003,171800,133.99,134.1,133.99,134.1,6,0
20241003,171900,134.1,134.29,134.1,134.29,3,0
20241003,172000,134.16,134.16,134,134,2,0
20241003,172100,134,134.01,134,134,710,0
20241003,172300,134,134.19,134,134,8,0
20241003,172600,134,134,134,134,51,0
20241003,172700,134,134,134,134,180,0
20241003,172800,134,134,133.9,133.9,62,0
20241003,173000,133.55,133.55,133.55,133.55,1,0
20241003,174300,133.55,133.55,133.55,133.55,1,0
20241003,175700,133.81,133.81,133.65,133.65,2,0
20241003,175800,133.52,133.52,133.52,133.52,10,0
20241003,175900,133.46,133.46,133.46,133.46,10,0
20241003,180000,133.24,133.24,133.13,133.13,10,0
20241003,180100,133.2,133.2,133.2,133.2,2,0
20241003,180200,133.2,133.2,133.01,133.01,4,0
20241003,180400,133.01,133.01,133,133,4,0
20241003,180500,132.88,133,132.88,133,71,0
20241003,181000,132.71,132.71,132.51,132.51,12,0
20241003,181300,132.59,132.59,132.59,132.59,1,0
20241003,182200,132.97,132.97,132.97,132.97,2,0
20241003,183200,133.22,133.22,133.22,133.22,1,0
20241003,183300,133.13,133.13,133.12,133.12,4,0
20241003,183400,133.34,133.34,133.34,133.34,1,0
20241003,183600,133.36,133.36,133.36,133.36,1,0
20241003,183800,133.35,133.35,133.35,133.35,1,0
20241003,184100,133.15,133.15,133.15,133.15,4,0
20241003,190700,133.3,133.3,133.3,133.3,1,0
20241003,192000,133.65,133.66,133.65,133.66,6,0
20241003,192100,133.61,133.65,133.61,133.65,11,0
20241003,192400,133.62,133.62,133.38,133.38,2,0
20241003,193300,133.57,133.57,133.57,133.57,1,0
20241003,193700,133.67,133.76,133.67,133.76,30,0
20241003,193800,133.68,133.68,133.68,133.68,1,0
20241003,194100,133.78,133.78,133.78,133.78,1,0
20241003,194400,134.28,134.28,134.28,134.28,10,0
20241003,194500,134.21,134.21,134.17,134.17,22,0
20241003,195400,134.18,134.18,134.18,134.18,1,0
20241003,195600,134.03,134.03,134.03,134.03,2,0
20241003,200200,133.9,133.9,133.9,133.9,1,0
20241003,200600,133.89,133.89,133.89,133.89,1,0
20241003,201300,134.03,134.03,134.03,134.03,5,0
20241003,201400,134.03,134.03,134.03,134.03,5,0
20241003,203300,134,134.03,134,134.03,42,0
20241003,203700,134.12,134.29,134.12,134.29,3,0
20241003,204200,134.14,134.14,134.14,134.14,1,0
20241003,204500,134.03,134.03,134.03,134.03,1,0
20241003,205900,133.93,133.93,133.93,133.93,1,0
20241003,210300,133.87,133.87,133.75,133.75,4,0
20241003,211700,134,134,134,134,1,0
20241003,213100,134.17,134.17,134.13,134.13,50,0
20241003,213300,134.21,134.43,134.21,134.42,120,0
20241003,213500,134.18,134.18,134.13,134.13,4,0
20241003,214000,134.19,134.19,134.19,134.19,2,0
20241003,214400,134.09,134.09,134.09,134.09,1,0
20241003,221400,134.13,134.13,134.12,134.12,2,0
20241003,221700,134.03,134.03,134.03,134.03,1,0
20241003,221900,134.03,134.03,134.03,134.03,1,0
20241003,223900,134.07,134.07,134.07,134.07,2,0
20241003,224500,133.98,133.98,133.98,133.98,1,0
20241003,230500,134.06,134.06,134.06,134.06,1,0
20241003,230600,134.07,134.07,134.07,134.07,1,0
20241003,231300,134.04,134.04,133.94,133.94,8,0
20241003,231500,134.09,134.1,134.09,134.1,21,0
20241003,232100,134.28,134.28,134.28,134.28,1,0
20241003,232700,134.29,134.29,134.29,134.29,1,0
20241003,233000,134.11,134.11,134.11,134.11,1,0
20241003,233100,134.1,134.1,134.1,134.1,1,0
20241003,233300,134.1,134.1,134.1,134.1,1,0
20241003,233500,134.05,134.05,134.05,134.05,2,0
20241003,234600,134.05,134.05,133.94,133.94,3,0
20241004,100000,134.1,134.16,134,134,3,0
20241004,100300,134.25,134.25,134.02,134.02,4,0
20241004,100400,134.02,134.02,133.8,133.8,16,0
20241004,100500,133.75,133.75,133.75,133.75,30,0
20241004,100600,133.62,133.62,133.61,133.61,11,0
20241004,100700,133.5,133.5,133.5,133.5,1,0
20241004,101900,133.51,133.51,133.51,133.51,1,0
20241004,102000,133.36,133.36,133.36,133.36,1,0
20241004,102100,133.29,133.29,133.29,133.29,1,0
20241004,102400,133.12,133.12,133.12,133.12,1,0
20241004,102500,133.3,133.3,133.3,133.3,9,0
20241004,102900,133.29,133.29,133.29,133.29,2,0
20241004,103000,133.29,133.65,133.26,133.65,24,0
20241004,103100,133.65,133.65,133.65,133.65,9,0
20241004,103200,133.7,133.7,133.7,133.7,1,0
20241004,103300,133.7,133.7,133.7,133.7,3,0
20241004,103400,133.7,133.71,133.7,133.71,54,0
20241004,103600,133.73,133.73,133.73,133.73,1,0
20241004,103700,133.77,133.78,133.71,133.71,41,0
20241004,103900,133.85,134,133.85,134,22,0
20241004,104000,134,134,134,134,7,0
20241004,104100,133.86,133.86,133.86,133.86,2,0
20241004,104500,134.13,134.21,134.13,134.21,4,0
20241004,104700,134.31,134.36,134.31,134.36,3,0
20241004,104800,134.41,134.41,134.41,134.41,1,0
20241004,104900,134.24,134.24,134.2,134.2,12,0
20241004,105300,134.39,134.39,134.2,134.2,9,0
20241004,105400,134.21,134.21,134.13,134.13,23,0
20241004,105500,134.13,134.13,133.95,133.95,10,0
20241004,105600,133.97,134.11,133.97,134.04,17,0
20241004,105800,134.04,134.04,134.04,134.04,1,0
20241004,110200,134.24,134.41,134.24,134.41,3,0
20241004,110600,134.53,134.54,134.53,134.54,2,0
20241004,110700,134.54,134.54,134.54,134.54,5,0
20241004,110800,134.54,134.54,134.54,134.54,5,0
20241004,110900,134.32,134.32,134.1,134.1,33,0
20241004,111000,133.98,134.27,133.94,134.27,5,0
20241004,111300,134,134,134,134,1,0
20241004,111900,133.86,133.86,133.76,133.76,6,0
20241004,112100,133.76,133.76,133.43,133.43,11,0
20241004,112500,133.71,133.83,133.56,133.56,6,0
20241004,112600,133.84,133.84,133.84,133.84,2,0
20241004,112700,133.84,133.84,133.84,133.84,3,0
20241004,113000,133.84,133.84,133.69,133.69,10,0
20241004,113100,133.79,133.8,133.52,133.52,5,0
20241004,113400,133.77,133.77,133.77,133.77,1,0
20241004,113600,133.62,133.62,133.62,133.62,4,0
20241004,113700,133.62,133.62,133.41,133.41,5,0
20241004,113800,133.7,133.7,133.4,133.4,6,0
20241004,113900,133.57,133.57,133.57,133.57,1,0
20241004,114200,133.52,133.63,133.5,133.63,6,0
20241004,114300,133.8,133.85,133.8,133.85,5,0
20241004,114400,133.84,133.84,133.84,133.84,5,0
20241004,114500,133.84,133.84,133.63,133.63,3,0
20241004,114600,133.84,133.84,133.84,133.84,1,0
20241004,114800,133.85,133.86,133.85,133.86,7,0
20241004,114900,133.86,134.25,133.86,134,8,0
20241004,115300,134.04,134.04,134.04,134.04,10,0
20241004,115400,134.1,134.17,134.1,134.17,4,0
20241004,115500,133.89,134.24,133.89,134.24,5,0
20241004,115800,133.92,134,133.92,134,2,0
20241004,115900,134.01,134.01,134.01,134.01,1,0
20241004,120000,134.14,134.14,133.92,133.92,3,0
20241004,120400,133.95,133.95,133.95,133.95,2,0
20241004,120500,133.92,133.92,133.9,133.9,3,0
20241004,120800,133.8,133.8,133.74,133.74,4,0
20241004,121000,133.82,133.82,133.82,133.82,4,0
20241004,121100,133.74,133.74,133.74,133.74,2,0
20241004,121300,133.82,133.82,133.82,133.82,2,0
20241004,121500,133.83,134.15,133.83,134.15,7,0
20241004,121600,134.21,134.21,134.21,134.21,4,0
20241004,121900,134.12,134.12,133.71,133.71,10,0
20241004,122100,134.06,134.06,134.06,134.06,1,0
20241004,122300,133.88,133.88,133.79,133.79,5,0
20241004,123200,133.65,133.65,133.65,133.65,3,0
20241004,123800,133.66,133.66,133.66,133.66,5,0
20241004,124100,133.56,133.56,133.56,133.56,1,0
20241004,124600,133.64,133.64,133.35,133.62,50,0
20241004,124700,133.62,133.62,133.62,133.62,2,0
20241004,124800,133.37,133.63,133.37,133.62,5,0
20241004,124900,133.34,133.34,133.34,133.34,6,0
20241004,125000,133.34,133.34,133.34,133.34,4,0
20241004,125100,133.45,133.45,133.25,133.43,26,0
20241004,125200,133.45,133.45,133.25,133.25,3,0
20241004,125400,133.23,133.23,133.01,133.01,13,0
20241004,125500,133.13,133.13,133.13,133.13,2,0
20241004,125900,133.33,133.33,133.33,133.33,1,0
20241004,130000,133.34,133.34,133.34,133.34,5,0
20241004,130100,133.23,133.23,133.23,133.23,1,0
20241004,130200,133.12,133.12,133.12,133.12,7,0
20241004,130300,133.37,133.37,133.15,133.15,25,0
20241004,130600,133.16,133.16,133.16,133.16,8,0
20241004,130700,133.16,133.16,133.1,133.1,25,0
20241004,130900,133.16,133.16,133.16,133.16,8,0
20241004,131100,133.16,133.16,133.16,133.16,8,0
20241004,131200,133.04,133.04,133,133,16,0
20241004,131300,133,133,132.9,132.95,14,0
20241004,131400,132.95,132.95,132.95,132.95,1,0
20241004,131500,133.04,133.04,133.04,133.04,1,0
20241004,131800,133.27,133.27,133.27,133.27,1,0
20241004,132000,133.28,133.28,133.28,133.28,6,0
20241004,132100,133.18,133.18,133.18,133.18,2,0
20241004,132500,133.18,133.18,133.18,133.18,6,0
20241004,132700,133.39,133.39,133.39,133.39,1,0
20241004,132800,133.29,133.29,133.29,133.29,1,0
20241004,132900,133.28,133.28,133,133,241,0
20241004,133000,133,133.27,133,133.27,19,0
20241004,133100,133.38,133.38,133.38,133.38,7,0
20241004,133200,133.39,133.39,133.39,133.39,9,0
20241004,133400,133.4,133.4,133.4,133.4,1,0
20241004,133500,133.4,133.52,133.4,133.52,9,0
20241004,133600,133.52,133.52,133.52,133.52,1,0
20241004,134000,133.4,133.4,133.4,133.4,2,0
20241004,134100,133.4,133.4,133.38,133.38,20,0
20241004,134800,133.44,133.44,133.44,133.44,8,0
20241004,134900,133.48,133.51,133.48,133.51,9,0
20241004,135100,133.64,133.64,133.63,133.63,17,0
20241004,135700,133.39,133.53,133.38,133.53,3,0
20241004,135800,133.55,133.55,133.55,133.55,8,0
20241004,140500,133.48,133.48,133.38,133.38,19,0
20241004,140800,133.21,133.21,133.21,133.21,1,0
20241004,141200,133.21,133.29,133.21,133.29,7,0
20241004,141300,133.29,133.29,133.29,133.29,4,0
20241004,141500,133.37,133.38,133.37,133.38,2,0
20241004,141900,133.37,133.37,133.35,133.35,8,0
20241004,142100,133.27,133.27,133.21,133.21,20,0
20241004,142200,133.39,133.39,133.39,133.39,5,0
20241004,142300,133.5,133.5,133.5,133.5,5,0
20241004,142400,133.23,133.38,133.21,133.37,47,0
20241004,142500,133.39,133.39,133.39,133.39,6,0
20241004,142700,133.22,133.22,133.21,133.21,5,0
20241004,142800,133.28,133.28,133.28,133.28,1,0
20241004,143400,133.49,133.49,133.49,133.49,2,0
20241004,144400,133.12,133.12,133.12,133.12,2,0
20241004,145300,133.04,133.04,133.04,133.04,2,0
20241004,150400,133.04,133.04,132.75,132.75,12,0
20241004,150800,132.66,132.66,132.66,132.66,10,0
20241004,151900,132.55,132.55,132.43,132.43,18,0
20241004,152100,132.5,132.5,132.5,132.5,10,0
20241004,152200,132.5,132.5,132.5,132.5,10,0
20241004,153400,132.59,132.6,132.59,132.6,7,0
20241004,154000,132.7,132.75,132.7,132.75,2,0
20241004,154200,132.83,132.83,132.83,132.83,1,0
20241004,155100,132.51,132.51,132.45,132.45,3,0
20241004,155800,132.5,132.5,132.5,132.5,6,0
20241004,160400,132.45,132.45,132.41,132.41,19,0
20241004,160900,132.3,132.3,132.3,132.3,5,0
20241004,161600,132.24,132.24,132.23,132.23,6,0
20241004,161700,132.23,132.23,132.23,132.23,5,0
20241004,161900,132.12,132.12,132.12,132.12,2,0
20241004,162700,132.36,132.36,132.36,132.36,2,0
20241004,163100,132.69,132.7,132.69,132.7,7,0
20241004,163200,132.83,132.85,132.83,132.85,2,0
20241004,163600,132.82,132.82,132.64,132.64,4,0
20241004,163800,132.71,132.84,132.71,132.84,8,0
20241004,164200,132.84,133.01,132.79,132.79,75,0
20241004,164300,132.89,132.89,132.89,132.89,8,0
20241004,164600,132.96,132.96,132.96,132.96,2,0
20241004,164700,132.89,132.96,132.89,132.96,7,0
20241004,164900,132.96,133.07,132.96,133.07,4,0
20241004,165700,132.84,132.84,132.84,132.84,5,0
20241004,170300,132.84,132.84,132.84,132.84,1,0
20241004,170400,132.94,132.94,132.85,132.85,2,0
20241004,170700,132.84,132.84,132.84,132.84,7,0
20241004,171100,132.95,132.95,132.95,132.95,5,0
20241004,171700,133.14,133.14,133.14,133.14,2,0
20241004,171900,133.07,133.07,133.07,133.07,1,0
20241004,172100,133.04,133.04,133.04,133.04,1,0
20241004,172200,133.15,133.2,133.08,133.08,18,0
20241004,172300,133.08,133.08,133,133.04,18,0
20241004,172800,133.2,133.25,133.2,133.24,13,0
20241004,172900,133.25,133.25,133.14,133.14,25,0
20241004,173000,133.09,133.29,133.09,133.28,23,0
20241004,173300,133.19,133.19,133.19,133.19,8,0
20241004,173700,133.08,133.08,133.08,133.08,9,0
20241004,174000,133.08,133.08,132.98,133.02,18,0
20241004,174100,133.18,133.18,133.18,133.18,2,0
20241004,174500,133.07,133.07,133.07,133.07,4,0
20241004,174600,132.98,132.98,132.83,132.97,10,0
20241004,174900,133.07,133.07,133.07,133.07,2,0
20241004,175000,133.05,133.07,133.04,133.04,8,0
20241004,175100,133.07,133.07,133.05,133.05,7,0
20241004,175200,133.08,133.14,133.08,133.14,13,0
20241004,175400,133.11,133.11,133,133,15,0
20241004,175500,132.99,133,132.99,133,9,0
20241004,175600,133.11,133.11,133.11,133.11,3,0
20241004,180000,133.23,133.23,133,133,16,0
20241004,180100,133.22,133.22,133.22,133.22,4,0
20241004,180600,133.25,133.38,133.25,133.38,27,0
20241004,180800,133.38,133.38,133.38,133.38,2,0
20241004,180900,133.39,133.39,133.39,133.39,1,0
20241004,181000,133.58,133.63,133.31,133.33,14,0
20241004,181100,133.64,133.64,133.64,133.64,3,0
20241004,181200,133.64,133.64,133.36,133.55,12,0
20241004,181500,133.54,133.55,133.33,133.33,13,0
20241004,181600,133.43,133.44,133.43,133.44,3,0
20241004,181900,133.54,133.54,133.54,133.54,8,0
20241004,182000,133.39,133.39,133.38,133.38,3,0
20241004,182100,133.53,133.53,133.33,133.46,11,0
20241004,182200,133.13,133.13,133.13,133.13,5,0
20241004,182300,133.42,133.43,133.42,133.43,4,0
20241004,182400,133.43,133.43,133.43,133.43,4,0
20241004,182500,133.4,133.4,133.09,133.09,10,0
20241004,182900,133.32,133.32,133.32,133.32,1,0
20241004,183000,133.32,133.32,133.32,133.32,1,0
20241004,183300,133.05,133.28,133.05,133.28,14,0
20241004,183500,133.06,133.18,133.06,133.18,2,0
20241004,183600,133,133.22,133,133.22,2,0
20241004,183700,133.33,133.33,133.33,133.33,8,0
20241004,184100,133.22,133.22,133.01,133.01,2,0
20241004,191000,133.38,133.38,133.38,133.38,1,0
20241004,191600,133.29,133.29,133.29,133.29,1,0
20241004,193100,133.64,133.64,133.64,133.64,5,0
20241004,195000,133.64,133.64,133.51,133.51,6,0
20241004,200300,133.58,133.58,133.58,133.58,1,0
20241004,202700,133.64,133.64,133.64,133.64,1,0
20241004,203500,133.42,133.42,133.42,133.42,1,0
20241004,204300,133.43,133.43,133.43,133.43,1,0
20241004,205900,133.65,133.65,133.65,133.65,1,0
20241004,210600,133.52,133.52,133.42,133.42,2,0
20241004,210700,133.4,133.4,133.4,133.4,2,0
20241004,210900,133.4,133.4,133.4,133.4,1,0
20241004,211100,133.4,133.4,133.4,133.4,1,0
20241004,211200,133.4,133.4,133.4,133.4,2,0
20241004,211800,133.4,133.4,133.23,133.23,8,0
20241004,212700,133.23,133.23,133.17,133.17,2,0
20241004,213300,133.11,133.11,133.11,133.11,1,0
20241004,213400,133.1,133.1,133.07,133.07,4,0
20241004,213500,133.07,133.07,133.07,133.07,1,0
20241004,213700,133.07,133.07,133.07,133.07,1,0
20241004,214300,133.07,133.07,133.07,133.07,1,0
20241004,215000,133.06,133.06,133.06,133.06,10,0
20241004,221000,133.24,133.24,133.24,133.24,1,0
20241004,221400,133.24,133.24,133.24,133.24,1,0
20241004,223800,133.3,133.3,133.3,133.3,1,0
20241004,230100,133.35,133.35,133.35,133.35,7,0
20241004,231000,133.41,133.51,133.41,133.51,20,0
20241004,231100,133.35,133.35,133.35,133.35,2,0
20241004,231400,133.35,133.35,133.35,133.35,1,0
20241004,233300,133.3,133.3,133.3,133.3,46,0
20241004,233400,133.3,133.3,133.3,133.3,4,0
20241004,233500,133.37,133.37,133.37,133.37,2,0
20241007,100100,133.66,133.66,133.66,133.66,1,0
20241007,100300,133.77,133.77,133.77,133.77,1,0
20241007,100400,133.76,133.76,133.76,133.76,2,0
20241007,100500,133.84,133.84,133.58,133.58,11,0
20241007,100800,133.65,133.78,133.61,133.78,108,0
20241007,100900,133.7,133.7,133.58,133.58,2,0
20241007,101000,133.64,133.67,133.64,133.67,76,0
20241007,101100,133.67,133.67,133.67,133.67,123,0
20241007,101200,133.67,133.67,133.54,133.54,2,0
20241007,101300,133.4,133.4,133.31,133.31,2,0
20241007,101500,133.36,133.36,133.26,133.26,33,0
20241007,101600,133.49,133.49,133.49,133.49,22,0
20241007,101700,133.49,133.49,133.49,133.49,170,0
20241007,101900,133.49,133.49,133.23,133.23,9,0
20241007,102000,133.22,133.22,133.22,133.22,1,0
20241007,102200,133.23,133.23,133.22,133.22,3,0
20241007,102300,133.2,133.2,133.11,133.11,3,0
20241007,102400,133.11,133.11,133,133,20,0
20241007,102600,132.97,132.97,132.97,132.97,2,0
20241007,102700,133.14,133.14,133.14,133.14,1,0
20241007,103000,133.13,133.13,133.13,133.13,25,0
20241007,103100,133.16,133.16,133.16,133.16,1,0
20241007,103300,133.21,133.21,133.21,133.21,1,0
20241007,103400,133.2,133.22,133.2,133.22,11,0
20241007,104200,133.3,133.3,133.3,133.3,60,0
20241007,104500,133.3,133.3,133.3,133.3,18,0
20241007,104600,133.3,133.3,133.3,133.3,6,0
20241007,104700,133.3,133.3,133.2,133.21,70,0
20241007,104800,133.2,133.24,133.2,133.24,58,0
20241007,104900,133.21,133.21,133.16,133.16,14,0
20241007,105100,133.04,133.04,133.04,133.04,1,0
20241007,105200,133.03,133.03,132.82,132.82,107,0
20241007,105300,132.6,132.6,132.6,132.6,2,0
20241007,105500,132.91,132.92,132.91,132.92,2,0
20241007,105700,132.76,132.76,132.76,132.76,9,0
20241007,110100,132.76,132.76,132.76,132.76,1,0
20241007,110200,132.9,132.9,132.9,132.9,1,0
20241007,110700,132.91,132.91,132.91,132.91,1,0
20241007,110900,132.96,132.96,132.96,132.96,1,0
20241007,111100,133.13,133.13,133.13,133.13,1,0
20241007,111200,132.91,132.91,132.91,132.91,1,0
20241007,111300,132.9,132.9,132.9,132.9,13,0
20241007,111400,132.9,132.93,132.9,132.93,8,0
20241007,111500,132.9,132.9,132.9,132.9,80,0
20241007,112100,132.9,132.9,132.9,132.9,1,0
20241007,112200,132.8,132.82,132.75,132.82,18,0
20241007,112500,132.75,132.75,132.59,132.59,10,0
20241007,112600,132.59,132.59,132.59,132.59,5,0
20241007,112700,132.56,132.56,132.44,132.46,21,0
20241007,112900,132.55,132.57,132.15,132.15,72,0
20241007,113100,132.2,132.35,132.2,132.35,23,0
20241007,113200,132.35,132.35,132.35,132.35,8,0
20241007,113300,132.35,132.35,132.35,132.35,2,0
20241007,113700,132.26,132.27,132.26,132.27,10,0
20241007,113900,132.25,132.25,132.25,132.25,5,0
20241007,114000,132.31,132.31,132.29,132.29,47,0
20241007,114100,132.29,132.29,132.29,132.29,1,0
20241007,114300,132.2,132.2,132.2,132.2,2,0
20241007,114900,132.24,132.24,132.24,132.24,2,0
20241007,115200,132.24,132.27,132.24,132.26,32,0
20241007,115300,132.14,132.14,132.08,132.08,30,0
20241007,115400,132.18,132.18,132.18,132.18,10,0
20241007,120100,132.29,132.29,132.29,132.29,2,0
20241007,120800,132.52,132.6,132.52,132.6,13,0
20241007,120900,132.3,132.3,132.29,132.29,2,0
20241007,121200,132.18,132.18,132.04,132.04,12,0
20241007,121400,132.01,132.01,132,132,28,0
20241007,121500,131.95,131.95,131.94,131.94,5,0
20241007,121600,132.08,132.08,131.94,131.97,4,0
20241007,121700,131.88,131.88,131.88,131.88,2,0
20241007,122000,132,132.01,132,132.01,2,0
20241007,122100,131.91,131.91,131.91,131.91,6,0
20241007,122200,131.9,131.9,131.9,131.9,1,0
20241007,122300,131.9,131.91,131.87,131.91,48,0
20241007,122400,131.9,131.9,131.9,131.9,10,0
20241007,122600,131.91,131.91,131.91,131.91,32,0
20241007,122800,132.05,132.05,132.05,132.05,1,0
20241007,123000,132.07,132.07,132.07,132.07,4,0
20241007,123100,132.31,132.31,132.31,132.31,1,0
20241007,123600,132.36,132.36,132.36,132.36,1,0
20241007,123700,132.2,132.2,132.2,132.2,10,0
20241007,123900,132.3,132.3,132.3,132.3,8,0
20241007,124100,132.04,132.04,132.04,132.04,5,0
20241007,124200,132.09,132.3,132.09,132.14,24,0
20241007,124500,132.3,132.3,132.3,132.3,9,0
20241007,124600,132.34,132.34,132.27,132.27,8,0
20241007,125000,132.17,132.4,132.17,132.4,8,0
20241007,125600,132.28,132.3,132.15,132.18,27,0
20241007,130000,132.08,132.08,132.08,132.08,1,0
20241007,130100,132.06,132.09,132.06,132.09,5,0
20241007,130300,132.2,132.2,132.2,132.2,1,0
20241007,130500,132.2,132.2,132.09,132.09,3,0
20241007,130700,132.15,132.15,132.15,132.15,1,0
20241007,130800,132.2,132.2,132.2,132.2,9,0
20241007,130900,132.2,132.2,132.2,132.2,1,0
20241007,131000,132.2,132.5,132.2,132.5,83,0
20241007,131100,132.5,132.5,132.5,132.5,70,0
20241007,131200,132.5,132.5,132.5,132.5,3,0
20241007,131500,132.5,132.61,132.5,132.61,14,0
20241007,131600,132.6,132.6,132.6,132.6,65,0
20241007,131700,132.46,132.51,132.34,132.34,15,0
20241007,131800,132.4,132.4,132.4,132.4,9,0
20241007,132000,132.47,132.47,132.47,132.47,2,0
20241007,132200,132.47,132.47,132.47,132.47,8,0
20241007,132300,132.47,132.47,132.47,132.47,1,0
20241007,132500,132.44,132.44,132.44,132.44,1,0
20241007,132600,132.44,132.5,132.44,132.5,5,0
20241007,132800,132.41,132.5,132.41,132.5,10,0
20241007,134000,132.61,132.61,132.61,132.61,10,0
20241007,134200,132.64,132.64,132.64,132.64,8,0
20241007,134800,132.42,132.48,132.38,132.38,23,0
20241007,134900,132.39,132.39,132.39,132.39,1,0
20241007,135100,132.39,132.39,132.39,132.39,6,0
20241007,135300,132.3,132.3,132.3,132.3,1,0
20241007,135400,132.19,132.22,132.19,132.22,5,0
20241007,135500,132.22,132.22,132.21,132.21,7,0
20241007,135700,132.21,132.21,132.21,132.21,1,0
20241007,140500,132.4,132.48,132.4,132.48,18,0
20241007,140800,132.48,132.48,132.48,132.48,3,0
20241007,141300,132.72,132.72,132.72,132.72,1,0
20241007,142000,132.61,132.61,132.61,132.61,1,0
20241007,143300,132.84,132.84,132.84,132.84,8,0
20241007,143400,132.84,132.84,132.84,132.84,2,0
20241007,144000,132.61,132.61,132.61,132.61,1,0
20241007,144200,132.79,132.79,132.79,132.79,8,0
20241007,144300,132.79,132.79,132.63,132.79,23,0
20241007,144500,132.79,132.79,132.79,132.79,19,0
20241007,144600,132.75,132.76,132.75,132.76,19,0
20241007,144800,132.6,132.6,132.58,132.58,7,0
20241007,144900,132.7,132.73,132.7,132.73,25,0
20241007,145000,132.72,132.82,132.69,132.82,5,0
20241007,145500,132.59,132.59,132.59,132.59,15,0
20241007,145700,132.6,132.71,132.6,132.64,10,0
20241007,145900,132.6,132.6,132.59,132.59,9,0
20241007,150300,132.5,132.5,132.5,132.5,5,0
20241007,150400,132.5,132.5,132.5,132.5,7,0
20241007,150500,132.6,132.6,132.6,132.6,2,0
20241007,150600,132.75,132.75,132.75,132.75,1,0
20241007,150700,132.71,132.71,132.7,132.7,4,0
20241007,150800,132.77,132.77,132.77,132.77,5,0
20241007,150900,132.83,132.83,132.82,132.82,4,0
20241007,151000,132.82,132.82,132.82,132.82,1,0
20241007,151300,132.75,132.76,132.75,132.76,15,0
20241007,151400,132.83,132.84,132.83,132.84,16,0
20241007,151500,132.93,132.93,132.93,132.93,8,0
20241007,151900,132.8,132.8,132.8,132.8,1,0
20241007,152300,132.75,132.75,132.75,132.75,1,0
20241007,152500,132.68,132.68,132.68,132.68,1,0
20241007,152800,132.67,132.67,132.67,132.67,5,0
20241007,153000,132.7,132.7,132.7,132.7,1,0
20241007,153600,132.7,132.7,132.7,132.7,1,0
20241007,153700,132.7,132.7,132.7,132.7,9,0
20241007,153900,132.61,132.61,132.61,132.61,1,0
20241007,154000,132.53,132.53,132.53,132.53,1,0
20241007,154100,132.49,132.49,132.49,132.49,4,0
20241007,154200,132.48,132.48,132.48,132.48,4,0
20241007,154300,132.48,132.48,132.48,132.48,1,0
20241007,154400,132.31,132.31,132.27,132.27,14,0
20241007,154500,132.37,132.38,132.37,132.38,9,0
20241007,154600,132.5,132.5,132.5,132.5,1,0
20241007,154700,132.5,132.69,132.5,132.69,19,0
20241007,155200,132.52,132.52,132.52,132.52,1,0
20241007,155400,132.5,132.5,132.5,132.5,1,0
20241007,155600,132.42,132.42,132.41,132.41,9,0
20241007,155900,132.42,132.42,132.42,132.42,1,0
20241007,160000,132.23,132.23,132.16,132.16,11,0
20241007,160100,132.18,132.18,132.18,132.18,3,0
20241007,160200,132.21,132.24,132.21,132.24,2,0
20241007,160400,132.25,132.32,132.25,132.32,3,0
20241007,160500,132.25,132.34,132.25,132.34,2,0
20241007,161300,132.2,132.2,132.2,132.2,1,0
20241007,161800,132.25,132.27,132.25,132.27,5,0
20241007,161900,132.26,132.26,132.26,132.26,8,0
20241007,162400,132.07,132.07,132.05,132.05,9,0
20241007,162500,132.06,132.06,132.05,132.05,3,0
20241007,162600,132.1,132.1,132.1,132.1,1,0
20241007,162800,132.25,132.25,132.25,132.25,9,0
20241007,162900,132.25,132.25,132.25,132.25,1,0
20241007,163100,132.19,132.19,132.19,132.19,8,0
20241007,163200,132.25,132.25,132.24,132.24,15,0
20241007,163300,132.27,132.69,132.27,132.69,15,0
20241007,163400,132.63,132.76,132.63,132.76,24,0
20241007,163500,132.71,132.71,132.52,132.55,12,0
20241007,163600,132.57,132.57,132.57,132.57,1,0
20241007,163700,132.57,132.57,132.57,132.57,5,0
20241007,163800,132.67,132.67,132.67,132.67,8,0
20241007,163900,132.67,132.68,132.65,132.67,9,0
20241007,164000,132.38,132.38,132.38,132.38,1,0
20241007,164200,132.66,132.66,132.39,132.39,12,0
20241007,164600,132.65,132.67,132.65,132.67,2,0
20241007,164700,132.66,132.72,132.66,132.72,16,0
20241007,164800,132.72,132.72,132.72,132.72,6,0
20241007,164900,132.82,132.83,132.82,132.83,8,0
20241007,165000,132.93,132.93,132.93,132.93,9,0
20241007,165100,132.93,132.93,132.93,132.93,4,0
20241007,165300,132.78,132.93,132.78,132.93,8,0
20241007,165400,132.85,132.85,132.72,132.72,20,0
20241007,165500,132.64,132.64,132.64,132.64,7,0
20241007,165700,132.92,132.92,132.92,132.92,1,0
20241007,170000,132.73,132.73,132.73,132.73,1,0
20241007,170200,132.73,132.78,132.73,132.78,13,0
20241007,170500,132.78,132.78,132.78,132.78,2,0
20241007,170600,132.91,132.91,132.91,132.91,4,0
20241007,170700,132.92,132.92,132.91,132.91,9,0
20241007,171800,132.64,132.65,132.64,132.65,16,0
20241007,171900,132.66,132.66,132.66,132.66,3,0
20241007,172000,132.75,132.75,132.75,132.75,8,0
20241007,172100,132.75,132.89,132.74,132.74,12,0
20241007,172700,132.6,132.6,132.6,132.6,5,0
20241007,173800,132.5,132.5,132.5,132.5,5,0
20241007,174000,132.3,132.3,132.28,132.28,12,0
20241007,174200,132.46,132.46,132.46,132.46,1,0
20241007,174400,132.43,132.43,132.43,132.43,1,0
20241007,174600,132.44,132.44,132.44,132.44,5,0
20241007,174700,132.44,132.44,132.44,132.44,1,0
20241007,175000,132.44,132.44,132.44,132.44,5,0
20241007,175200,132.37,132.37,132.34,132.34,11,0
20241007,175300,132.34,132.34,132.34,132.34,1,0
20241007,175500,132.26,132.26,132.26,132.26,1,0
20241007,175600,132.25,132.25,132.25,132.25,1,0
20241007,175700,132.37,132.37,132.37,132.37,1,0
20241007,175800,132.27,132.27,132.27,132.27,1,0
20241007,180000,132.3,132.3,132.25,132.25,14,0
20241007,180200,132.13,132.26,132.13,132.26,5,0
20241007,180300,132.21,132.21,132.21,132.21,2,0
20241007,181000,132.21,132.21,132.21,132.21,1,0
20241007,181400,132.28,132.28,132.28,132.28,1,0
20241007,182300,132.38,132.38,132.38,132.38,3,0
20241007,183300,132.51,132.51,132.51,132.51,5,0
20241007,183500,132.51,132.51,132.51,132.51,3,0
20241007,183600,132.51,132.6,132.51,132.6,6,0
20241007,184000,132.56,132.7,132.56,132.7,11,0
20241007,184200,132.7,132.77,132.7,132.77,19,0
20241007,184300,132.52,132.52,132.52,132.52,8,0
20241007,184400,132.45,132.45,132.45,132.45,11,0
20241007,184600,132.77,132.77,132.77,132.77,1,0
20241007,190500,133.1,133.25,133.1,133.25,11,0
20241007,190600,133.18,133.18,133.18,133.18,1,0
20241007,191300,132.99,132.99,132.99,132.99,2,0
20241007,191500,132.98,132.98,132.98,132.98,10,0
20241007,192200,133.03,133.03,133.03,133.03,4,0
20241007,193300,132.74,132.74,132.74,132.74,3,0
20241007,193400,133,133.01,133,133.01,100,0
20241007,193500,133.01,133.03,133.01,133.03,253,0
20241007,193700,133,133,132.98,132.98,16,0
20241007,193900,132.8,132.8,132.8,132.8,1,0
20241007,194000,132.78,132.78,132.78,132.78,1,0
20241007,194200,132.85,132.85,132.85,132.85,16,0
20241007,194800,132.91,133,132.91,133,2,0
20241007,200200,132.93,132.93,132.93,132.93,1,0
20241007,201300,132.85,133.06,132.85,133.06,20,0
20241007,202000,132.99,132.99,132.99,132.99,1,0
20241007,202100,132.98,132.98,132.98,132.98,5,0
20241007,202600,132.97,132.97,132.97,132.97,1,0
20241007,204300,132.85,132.85,132.85,132.85,2,0
20241007,204400,132.85,132.85,132.85,132.85,2,0
20241007,205600,132.85,132.85,132.85,132.85,1,0
20241007,210500,133.07,133.07,133,133,18,0
20241007,210600,133.1,133.11,133.1,133.11,6,0
20241007,211000,133.11,133.11,133.11,133.11,1,0
20241007,213200,133.1,133.11,133.1,133.11,8,0
20241007,213600,133.16,133.16,133.16,133.16,10,0
20241007,214100,133.18,133.18,133.18,133.18,2,0
20241007,214900,133.33,133.33,133.33,133.33,8,0
20241007,215100,133.37,133.37,133.37,133.37,2,0
20241007,215800,133.45,133.45,133.45,133.45,1,0
20241007,220900,133.42,133.5,133.22,133.22,220,0
20241007,221100,133.49,133.51,133.49,133.51,10,0
20241007,221600,133.49,133.49,133.49,133.49,10,0
20241007,222100,133.41,133.45,133.41,133.45,3,0
20241007,222400,133.3,133.3,133.3,133.3,1,0
20241007,222500,133.3,133.3,133.3,133.3,1,0
20241007,223400,133.52,133.52,133.52,133.52,1,0
20241007,223700,133.31,133.31,133.31,133.31,1,0
20241007,223900,133.51,133.52,133.51,133.52,5,0
20241007,224000,133.47,133.49,133.47,133.49,2,0
20241007,224100,133.51,133.51,133.51,133.51,1,0
20241007,224900,133.31,133.31,133.3,133.3,2,0
20241007,225200,133.3,133.3,133.3,133.3,1,0
20241007,225300,133.35,133.35,133.24,133.24,38,0
20241007,225400,133.24,133.24,133.24,133.24,4,0
20241007,225600,133.25,133.25,133.25,133.25,1,0
20241007,230100,133.32,133.32,133.32,133.32,1,0
20241007,231700,133.5,133.5,133.38,133.5,6,0
20241007,231800,133.5,133.5,133.5,133.5,1,0
20241007,232200,133.64,133.64,133.64,133.64,2,0
20241008,100000,133.5,133.5,133.5,133.5,1,0
20241008,100100,133.3,133.3,133.3,133.3,10,0
20241008,100300,133.26,133.26,133.22,133.22,3,0
20241008,100500,133.33,133.34,133.33,133.34,44,0
20241008,100600,133.34,133.34,133.34,133.34,5,0
20241008,100700,133.34,133.4,133.34,133.4,4,0
20241008,100800,133.37,133.51,133.37,133.51,18,0
20241008,100900,133.59,134.06,133.59,134.06,22,0
20241008,101000,134,134.25,134,134.23,10,0
20241008,101100,134.23,134.51,134.23,134.51,10,0
20241008,101200,134.26,134.29,134.26,134.29,12,0
20241008,101300,134.05,134.3,134.01,134.01,21,0
20241008,101600,134.11,134.25,134.11,134.25,11,0
20241008,101700,134.34,134.34,134.34,134.34,3,0
20241008,101900,134.28,134.28,134.28,134.28,6,0
20241008,102000,134.19,134.19,134.19,134.19,10,0
20241008,102100,134.19,134.19,134.19,134.19,3,0
20241008,102200,134.02,134.02,134.02,134.02,6,0
20241008,102300,134.02,134.02,133.85,133.85,27,0
20241008,102400,133.85,133.85,133.85,133.85,4,0
20241008,102600,134.01,134.01,134.01,134.01,1,0
20241008,102700,134.01,134.01,134.01,134.01,2,0
20241008,102800,134.01,134.01,134.01,134.01,1,0
20241008,103000,134.11,134.19,134.11,134.19,3,0
20241008,103100,134.15,134.19,134.15,134.19,43,0
20241008,103200,134.38,134.38,134.13,134.28,5,0
20241008,103300,134.18,134.18,134.18,134.18,1,0
20241008,103400,134.14,134.14,134.07,134.07,11,0
20241008,104100,134.32,134.32,134.32,134.32,45,0
20241008,104300,134.3,134.3,134.3,134.3,1,0
20241008,104400,134.07,134.07,134.07,134.07,3,0
20241008,104600,133.84,134.01,133.84,134.01,12,0
20241008,104700,134.09,134.09,134.09,134.09,5,0
20241008,104800,133.99,133.99,133.96,133.96,24,0
20241008,105100,133.77,133.77,133.77,133.77,9,0
20241008,105200,133.78,133.78,133.77,133.77,10,0
20241008,105400,133.86,133.86,133.86,133.86,16,0
20241008,105800,133.87,133.87,133.87,133.87,1,0
20241008,110000,133.84,133.84,133.77,133.77,38,0
20241008,110100,133.77,133.77,133.77,133.77,3,0
20241008,110200,133.77,133.77,133.77,133.77,10,0
20241008,110500,133.9,133.9,133.9,133.9,1,0
20241008,110700,133.77,133.88,133.71,133.88,31,0
20241008,110800,133.88,133.88,133.88,133.88,7,0
20241008,110900,133.9,133.9,133.9,133.9,3,0
20241008,111000,133.9,133.9,133.9,133.9,2,0
20241008,111200,133.97,133.97,133.97,133.97,5,0
20241008,111300,133.9,133.9,133.9,133.9,7,0
20241008,111800,133.9,133.9,133.9,133.9,3,0
20241008,111900,133.71,133.71,133.58,133.71,41,0
20241008,112000,133.71,133.71,133.71,133.71,19,0
20241008,112300,133.59,133.59,133.59,133.59,1,0
20241008,112700,133.57,133.57,133.56,133.56,5,0
20241008,113100,133.56,133.56,133.5,133.5,3,0
20241008,113200,133.57,133.57,133.57,133.57,1,0
20241008,113900,133.81,133.81,133.81,133.81,1,0
20241008,114400,133.72,133.72,133.72,133.72,1,0
20241008,114600,133.72,133.72,133.72,133.72,5,0
20241008,114900,133.72,133.72,133.72,133.72,2,0
20241008,120100,133.79,133.79,133.79,133.79,1,0
20241008,120500,133.86,133.88,133.86,133.87,8,0
20241008,120900,133.96,133.96,133.96,133.96,6,0
20241008,121100,133.99,134.14,133.99,134.04,63,0
20241008,121400,133.93,133.93,133.93,133.93,1,0
20241008,121600,133.82,133.82,133.82,133.82,5,0
20241008,121900,133.9,133.9,133.9,133.9,4,0
20241008,122000,134.03,134.03,134.03,134.03,4,0
20241008,122100,133.92,133.92,133.92,133.92,5,0
20241008,122200,133.99,133.99,133.99,133.99,5,0
20241008,122300,134.11,134.11,134.03,134.03,5,0
20241008,122700,134,134.11,134,134.11,11,0
20241008,122800,134.23,134.28,134.23,134.26,7,0
20241008,122900,134.29,134.3,134.29,134.3,48,0
20241008,123000,134.3,134.41,134.3,134.4,63,0
20241008,123100,134.5,134.5,134.5,134.5,75,0
20241008,123200,134.5,134.5,134.49,134.49,3,0
20241008,123400,134.6,134.6,134.6,134.6,1,0
20241008,123500,134.57,134.78,134.57,134.78,69,0
20241008,123600,134.84,134.84,134.79,134.79,53,0
20241008,123700,134.79,134.79,134.79,134.79,1,0
20241008,124000,134.82,134.94,134.82,134.94,52,0
20241008,124100,134.94,134.94,134.87,134.87,36,0
20241008,124200,134.94,134.99,134.9,134.9,35,0
20241008,124300,134.92,134.92,134.92,134.92,2,0
20241008,124500,134.8,134.8,134.78,134.78,2,0
20241008,124600,134.78,134.78,134.78,134.78,1,0
20241008,124700,134.82,134.82,134.82,134.82,2,0
20241008,124800,134.95,134.95,134.95,134.95,1,0
20241008,125100,134.71,134.71,134.67,134.67,7,0
20241008,125200,134.85,134.87,134.69,134.69,6,0
20241008,125400,134.6,134.6,134.6,134.6,1,0
20241008,125700,134.55,134.83,134.55,134.83,25,0
20241008,125900,134.66,134.66,134.66,134.66,1,0
20241008,130100,134.74,134.74,134.74,134.74,1,0
20241008,130500,134.58,134.58,134.58,134.58,1,0
20241008,130600,134.58,134.58,134.58,134.58,7,0
20241008,130800,134.61,134.61,134.6,134.6,2,0
20241008,131000,134.74,134.79,134.74,134.79,2,0
20241008,131200,134.6,134.6,134.6,134.6,23,0
20241008,131300,134.6,134.6,134.6,134.6,32,0
20241008,131400,134.6,134.6,134.6,134.6,5,0
20241008,131500,134.57,134.57,134.57,134.57,1,0
20241008,131600,134.47,134.47,134.47,134.47,2,0
20241008,131700,134.48,134.48,134.44,134.44,12,0
20241008,131800,134.42,134.42,134.42,134.42,1,0
20241008,132200,134.48,134.48,134.48,134.48,2,0
20241008,132300,134.48,134.48,134.48,134.48,3,0
20241008,132500,134.5,134.5,134.5,134.5,10,0
20241008,132600,134.5,134.5,134.5,134.5,1,0
20241008,132700,134.4,134.4,134.4,134.4,1,0
20241008,133400,134.6,134.6,134.6,134.6,1,0
20241008,134500,134.8,134.8,134.8,134.8,1,0
20241008,134700,134.66,134.66,134.66,134.66,1,0
20241008,134900,134.66,134.66,134.66,134.66,1,0
20241008,135600,134.66,134.76,134.65,134.65,210,0
20241008,135700,134.66,134.75,134.66,134.75,470,0
20241008,135800,134.8,134.93,134.8,134.93,20,0
20241008,140500,134.69,134.69,134.69,134.69,8,0
20241008,140700,134.54,134.54,134.5,134.5,13,0
20241008,141100,134.44,134.44,134.44,134.44,1,0
20241008,141200,134.4,134.4,134.4,134.4,1,0
20241008,141300,134.37,134.37,134.32,134.32,3,0
20241008,141600,134.38,134.38,134.38,134.38,1,0
20241008,141700,134.38,134.38,134.35,134.35,2,0
20241008,141800,134.35,134.35,134.32,134.32,2,0
20241008,141900,134.32,134.32,134.01,134.01,54,0
20241008,142000,134.09,134.09,134.09,134.09,7,0
20241008,142100,134.1,134.1,134.09,134.09,8,0
20241008,143500,134.27,134.27,134.27,134.27,3,0
20241008,144400,134.2,134.2,134.11,134.11,24,0
20241008,144700,134.07,134.09,134.05,134.05,3,0
20241008,144800,134.05,134.05,134.05,134.05,2,0
20241008,145000,134.03,134.03,134.03,134.03,1,0
20241008,145600,134.06,134.06,134.06,134.06,1,0
20241008,145800,134.02,134.02,134.02,134.02,5,0
20241008,150200,134.09,134.09,134.09,134.09,1,0
20241008,150300,134.02,134.02,134.02,134.02,1,0
20241008,150400,134.02,134.02,134.02,134.02,16,0
20241008,150500,134.02,134.02,134.02,134.02,59,0
20241008,150800,134.02,134.02,134.02,134.02,2,0
20241008,151400,134.02,134.02,133.94,133.94,41,0
20241008,151500,133.94,134.01,133.94,134.01,17,0
20241008,151700,134.07,134.07,134.07,134.07,3,0
20241008,151800,134.06,134.07,134.06,134.07,11,0
20241008,152100,134.04,134.04,134.04,134.04,6,0
20241008,152200,134.07,134.07,134.07,134.07,1,0
20241008,152400,134.17,134.17,134.17,134.17,1,0
20241008,152500,134.21,134.21,134.21,134.21,5,0
20241008,152700,134.03,134.03,134.03,134.03,1,0
20241008,152800,134.16,134.16,134.16,134.16,3,0
20241008,153300,134.09,134.09,134.09,134.09,1,0
20241008,153400,134.06,134.06,134,134,4,0
20241008,153500,134.13,134.13,134.13,134.13,1,0
20241008,154800,134,134,134,134,30,0
20241008,154900,134,134,134,134,1,0
20241008,155100,133.94,133.94,133.94,133.94,4,0
20241008,155400,133.9,133.9,133.9,133.9,25,0
20241008,155500,133.8,133.8,133.8,133.8,1,0
20241008,160500,133.8,133.8,133.8,133.8,2,0
20241008,160700,134,134,134,134,1,0
20241008,161600,133.76,133.76,133.76,133.76,1,0
20241008,161900,133.77,133.77,133.77,133.77,1,0
20241008,163000,133.84,133.84,133.84,133.84,2,0
20241008,163100,133.84,133.84,133.84,133.84,3,0
20241008,164200,133.69,133.69,133.69,133.69,5,0
20241008,165100,133.95,133.95,133.95,133.95,6,0
20241008,165300,134.08,134.08,134.08,134.08,1,0
20241008,165400,134.11,134.11,134.11,134.11,10,0
20241008,170400,134.17,134.2,134.17,134.2,10,0
20241008,171100,133.75,133.75,133.74,133.74,2,0
20241008,171200,133.69,133.72,133.69,133.69,4,0
20241008,171900,133.69,133.69,133.69,133.69,5,0
20241008,172200,133.69,133.69,133.53,133.53,23,0
20241008,173000,133.7,133.7,133.7,133.7,10,0
20241008,173100,133.72,133.72,133.72,133.72,1,0
20241008,173300,133.73,133.73,133.73,133.73,10,0
20241008,173500,133.75,133.75,133.75,133.75,10,0
20241008,173900,133.75,133.75,133.75,133.75,10,0
20241008,174000,133.72,133.72,133.72,133.72,8,0
20241008,174300,133.91,133.91,133.91,133.91,1,0
20241008,174800,133.66,133.66,133.66,133.66,1,0
20241008,180200,133.92,133.92,133.92,133.92,2,0
20241008,180400,133.77,133.77,133.77,133.77,1,0
20241008,180600,133.96,133.96,133.96,133.96,1,0
20241008,181500,133.9,133.96,133.9,133.96,10,0
20241008,183600,133.88,133.88,133.88,133.88,5,0
20241008,183700,133.69,133.69,133.69,133.69,1,0
20241008,184000,133.89,133.95,133.7,133.81,5,0
20241008,184300,133.7,133.7,133.7,133.7,1,0
20241008,184400,133.92,133.92,133.92,133.92,1,0
20241008,184900,133.91,133.92,133.91,133.92,3,0
20241008,190800,133.82,133.83,133.82,133.83,2,0
20241008,191900,133.83,133.83,133.83,133.83,6,0
20241008,192300,133.72,133.72,133.65,133.65,2,0
20241008,193100,133.76,133.76,133.76,133.76,1,0
20241008,193600,133.7,133.7,133.7,133.7,1,0
20241008,193800,133.67,133.83,133.67,133.83,12,0
20241008,194000,133.65,133.65,133.65,133.65,1,0
20241008,194200,133.65,133.65,133.65,133.65,1,0
20241008,195000,133.86,133.87,133.86,133.87,2,0
20241008,195100,133.66,133.66,133.65,133.65,2,0
20241008,200700,133.83,133.83,133.83,133.83,1,0
20241008,200900,133.98,133.98,133.98,133.98,2,0
20241008,203500,133.9,133.9,133.9,133.9,1,0
20241008,212600,133.8,133.8,133.79,133.79,6,0
20241008,214900,133.86,133.86,133.86,133.86,3,0
20241008,215000,133.99,134.04,133.99,134.04,3,0
20241008,220200,134.04,134.04,134.04,134.04,1,0
20241008,220700,134.01,134.01,134.01,134.01,10,0
20241008,221300,134.04,134.04,134.04,134.04,7,0
20241008,231100,134.1,134.1,134.1,134.1,2,0
20241008,231400,134.1,134.1,134.1,134.1,1,0
20241009,100000,134.01,134.01,134,134,3,0
20241009,100100,134.01,134.01,134.01,134.01,1,0
20241009,100200,134.04,134.04,134.04,134.04,1,0
20241009,100300,134.23,134.23,134.2,134.2,5,0
20241009,100400,134.13,134.13,134.13,134.13,1,0
20241009,100500,134.1,134.1,134.06,134.06,15,0
20241009,100700,134.09,134.11,133.81,133.81,36,0
20241009,100800,133.87,133.93,133.69,133.93,3,0
20241009,100900,133.68,133.68,133.68,133.68,1,0
20241009,101000,133.82,133.84,133.82,133.84,3,0
20241009,101200,133.75,133.75,133.75,133.75,1,0
20241009,101300,133.75,133.75,133.75,133.75,3,0
20241009,101500,133.54,133.54,133.36,133.36,6,0
20241009,101600,133.28,133.28,133.28,133.28,2,0
20241009,101700,133.42,133.42,133.42,133.42,1,0
20241009,101900,133.37,133.38,133.37,133.38,3,0
20241009,102000,133.35,133.35,133.35,133.35,12,0
20241009,102400,133.47,133.51,133.47,133.51,8,0
20241009,102500,133.4,133.4,133.4,133.4,2,0
20241009,103200,133.57,133.63,133.57,133.63,3,0
20241009,104200,133.59,133.59,133.52,133.52,2,0
20241009,104300,133.37,133.37,133.3,133.3,13,0
20241009,104500,133.37,133.37,133.37,133.37,1,0
20241009,104600,133.28,133.43,133.28,133.39,26,0
20241009,104700,133.44,133.44,133.44,133.44,10,0
20241009,104900,133.48,133.48,133.48,133.48,3,0
20241009,105100,133.48,133.48,133.48,133.48,5,0
20241009,105700,133.41,133.41,133.41,133.41,1,0
20241009,110000,133.42,133.42,133.27,133.27,40,0
20241009,110200,133.45,133.45,133.45,133.45,5,0
20241009,110300,133.48,133.48,133.48,133.48,10,0
20241009,111300,133.48,133.48,133.48,133.48,8,0
20241009,111700,133.34,133.34,133.34,133.34,10,0
20241009,111800,133.36,133.38,133.36,133.38,13,0
20241009,112100,133.37,133.37,133.37,133.37,8,0
20241009,112200,133.37,133.37,133.37,133.37,2,0
20241009,112500,133.33,133.33,133.33,133.33,3,0
20241009,112600,133.28,133.28,133.28,133.28,10,0
20241009,112700,133.35,133.4,133.35,133.4,7,0
20241009,113100,133.55,133.55,133.55,133.55,10,0
20241009,113600,133.63,133.63,133.63,133.63,3,0
20241009,113700,133.57,133.59,133.57,133.59,3,0
20241009,114100,133.45,133.45,133.45,133.45,2,0
20241009,114200,133.49,133.49,133.49,133.49,5,0
20241009,114300,133.5,133.5,133.48,133.49,5,0
20241009,114400,133.48,133.48,133.46,133.46,5,0
20241009,115100,133.47,133.47,133.46,133.46,5,0
20241009,115500,133.42,133.42,133.42,133.42,3,0
20241009,115600,133.42,133.43,133.42,133.43,12,0
20241009,115700,133.43,133.43,133.43,133.43,1,0
20241009,115800,133.39,133.39,133.39,133.39,5,0
20241009,115900,133.41,133.41,133.41,133.41,3,0
20241009,120000,133.39,133.39,133.39,133.39,5,0
20241009,120800,133.32,133.33,133.27,133.27,11,0
20241009,120900,133.27,133.27,133.27,133.27,3,0
20241009,121200,133.3,133.3,133.3,133.3,1,0
20241009,121400,133.3,133.3,133.3,133.3,1,0
20241009,121700,133.27,133.27,133.27,133.27,1,0
20241009,122100,133.26,133.26,133.17,133.17,54,0
20241009,122800,133,133,132.95,132.99,12,0
20241009,122900,132.99,132.99,132.95,132.95,2,0
20241009,123000,132.92,132.92,132.89,132.89,3,0
20241009,123100,132.81,132.81,132.8,132.8,8,0
20241009,123200,132.98,132.99,132.9,132.9,13,0
20241009,123300,132.97,132.97,132.97,132.97,3,0
20241009,123600,132.99,133,132.91,132.91,7,0
20241009,124300,132.75,132.75,132.75,132.75,7,0
20241009,124600,132.64,132.64,132.64,132.64,10,0
20241009,124800,132.76,132.76,132.76,132.76,1,0
20241009,125300,132.78,132.78,132.78,132.78,1,0
20241009,125400,132.85,132.85,132.85,132.85,1,0
20241009,125500,132.81,132.84,132.81,132.84,10,0
20241009,130500,132.83,132.83,132.83,132.83,1,0
20241009,130700,132.75,132.75,132.75,132.75,2,0
20241009,130900,132.75,132.75,132.75,132.75,5,0
20241009,131000,132.75,132.75,132.75,132.75,3,0
20241009,131300,132.8,132.8,132.8,132.8,1,0
20241009,131800,132.75,132.75,132.75,132.75,1,0
20241009,132400,132.75,132.75,132.75,132.75,4,0
20241009,132500,132.69,132.69,132.69,132.69,10,0
20241009,132600,132.64,132.64,132.64,132.64,3,0
20241009,132700,132.64,132.64,132.6,132.6,9,0
20241009,132800,132.61,132.61,132.6,132.6,2,0
20241009,133000,132.74,132.74,132.74,132.74,1,0
20241009,133300,132.59,132.59,132.59,132.59,2,0
20241009,133700,132.59,132.6,132.59,132.6,3,0
20241009,133800,132.66,132.66,132.66,132.66,1,0
20241009,133900,132.7,132.7,132.7,132.7,1,0
20241009,134000,132.65,132.65,132.65,132.65,10,0
20241009,134300,132.65,132.71,132.65,132.71,10,0
20241009,134400,132.66,132.66,132.66,132.66,2,0
20241009,134800,132.65,132.65,132.65,132.65,3,0
20241009,134900,132.62,132.62,132.62,132.62,1,0
20241009,135000,132.64,132.64,132.64,132.64,1,0
20241009,135200,132.59,132.59,132.59,132.59,1,0
20241009,140600,132.52,132.52,132.51,132.51,2,0
20241009,140700,132.52,132.52,132.52,132.52,9,0
20241009,140800,132.56,132.56,132.56,132.56,5,0
20241009,140900,132.62,132.64,132.51,132.51,28,0
20241009,141000,132.52,132.52,132.49,132.49,40,0
20241009,141100,132.57,132.57,132.45,132.45,30,0
20241009,141600,132.6,132.6,132.51,132.54,41,0
20241009,141800,132.6,132.6,132.6,132.6,1,0
20241009,142000,132.52,132.52,132.52,132.52,1,0
20241009,142200,132.55,132.55,132.55,132.55,1,0
20241009,142300,132.5,132.5,132.5,132.5,36,0
20241009,142500,132.4,132.4,132.4,132.4,1,0
20241009,142700,132.41,132.48,132.41,132.48,6,0
20241009,143400,132.68,132.71,132.68,132.71,13,0
20241009,143500,132.71,132.71,132.71,132.71,1,0
20241009,143600,132.7,132.7,132.7,132.7,1,0
20241009,143900,132.74,132.74,132.74,132.74,1,0
20241009,144300,132.58,132.58,132.58,132.58,5,0
20241009,144400,132.55,132.55,132.55,132.55,5,0
20241009,144500,132.51,132.51,132.51,132.51,2,0
20241009,144600,132.53,132.53,132.53,132.53,1,0
20241009,144900,132.53,132.53,132.51,132.51,2,0
20241009,145000,132.54,132.57,132.54,132.57,7,0
20241009,145400,132.6,132.6,132.6,132.6,4,0
20241009,150600,132.52,132.52,132.52,132.52,1,0
20241009,151000,132.51,132.51,132.51,132.51,2,0
20241009,151500,132.31,132.31,132.3,132.3,10,0
20241009,152000,132.38,132.38,132.38,132.38,1,0
20241009,152100,132.4,132.4,132.4,132.4,2,0
20241009,152200,132.37,132.37,132.37,132.37,1,0
20241009,152600,132.37,132.37,132.37,132.37,1,0
20241009,152900,132.37,132.37,132.36,132.37,8,0
20241009,153000,132.37,132.37,132.37,132.37,3,0
20241009,153100,132.47,132.47,132.47,132.47,3,0
20241009,153200,132.46,132.46,132.3,132.3,40,0
20241009,153400,132.49,132.57,132.49,132.57,16,0
20241009,153500,132.6,132.6,132.6,132.6,1,0
20241009,153600,132.6,132.64,132.6,132.64,5,0
20241009,153900,132.6,132.6,132.6,132.6,2,0
20241009,154000,132.6,132.6,132.6,132.6,3,0
20241009,154300,132.55,132.55,132.55,132.55,5,0
20241009,155000,132.57,132.6,132.57,132.6,10,0
20241009,155100,132.62,132.62,132.62,132.62,3,0
20241009,155400,132.52,132.52,132.52,132.52,5,0
20241009,160000,132.54,132.54,132.54,132.54,3,0
20241009,160200,132.54,132.55,132.54,132.55,5,0
20241009,160300,132.34,132.34,132.34,132.34,10,0
20241009,161200,132.35,132.35,132.35,132.35,5,0
20241009,162000,132.39,132.39,132.38,132.38,2,0
20241009,162100,132.3,132.3,132.3,132.3,1,0
20241009,162200,132.3,132.3,132.25,132.25,16,0
20241009,162300,132.23,132.23,132.23,132.23,17,0
20241009,162400,132.18,132.18,132.18,132.18,5,0
20241009,162500,132.18,132.2,132.18,132.18,7,0
20241009,162600,132.15,132.15,132.15,132.15,5,0
20241009,162700,132.12,132.15,132.12,132.15,13,0
20241009,162800,132.1,132.1,132.06,132.06,7,0
20241009,162900,132.06,132.06,131.84,131.96,18,0
20241009,163000,131.86,131.86,131.86,131.86,1,0
20241009,163100,131.86,131.86,131.86,131.86,6,0
20241009,163300,131.99,131.99,131.87,131.87,12,0
20241009,163500,131.85,131.85,131.85,131.85,1,0
20241009,163600,131.81,131.81,131.71,131.72,42,0
20241009,163700,131.72,131.75,131.55,131.75,57,0
20241009,163800,131.8,131.8,131.8,131.8,1,0
20241009,163900,131.8,131.8,131.8,131.8,2,0
20241009,164300,131.74,131.75,131.74,131.75,10,0
20241009,164400,131.71,131.72,131.71,131.72,6,0
20241009,164900,131.75,131.75,131.75,131.75,6,0
20241009,165100,131.71,131.71,131.71,131.71,3,0
20241009,165200,131.74,131.76,131.74,131.76,4,0
20241009,165300,131.75,131.83,131.75,131.83,17,0
20241009,165700,131.75,131.75,131.75,131.75,1,0
20241009,170000,131.75,131.8,131.75,131.8,14,0
20241009,170100,131.85,131.95,131.85,131.95,30,0
20241009,170400,131.95,131.95,131.95,131.95,1,0
20241009,170500,131.95,132,131.95,132,10,0
20241009,170800,131.85,131.98,131.85,131.98,25,0
20241009,170900,132,132,132,132,1,0
20241009,171200,132.11,132.11,132.11,132.11,1,0
20241009,171300,132.06,132.06,132.06,132.06,1,0
20241009,171800,132,132,132,132,2,0
20241009,172100,132.05,132.05,132,132,8,0
20241009,172200,132.07,132.07,132.07,132.07,1,0
20241009,172700,132.31,132.31,132.27,132.27,13,0
20241009,172800,132.27,132.28,132.27,132.27,5,0
20241009,173000,132.31,132.31,132.31,132.31,2,0
20241009,173300,132.27,132.27,132.27,132.27,3,0
20241009,174000,132.27,132.27,132.27,132.27,1,0
20241009,174500,132.21,132.21,132.21,132.21,1,0
20241009,174600,132.11,132.11,132,132,2,0
20241009,175500,132.1,132.1,132.1,132.1,1,0
20241009,175800,132.21,132.21,132.21,132.21,2,0
20241009,180000,132.21,132.21,132.21,132.21,2,0
20241009,180200,132.12,132.12,132,132,500,0
20241009,180300,132.18,132.19,131.82,131.82,503,0
20241009,180900,132.1,132.1,132.1,132.1,1,0
20241009,181000,132,132,132,132,1,0
20241009,181100,131.98,132.05,131.98,132.05,5,0
20241009,181600,132.01,132.01,132.01,132.01,1,0
20241009,182800,132,132,132,132,2,0
20241009,182900,132,132,132,132,1,0
20241009,183000,132,132,132,132,1,0
20241009,183200,132.05,132.05,132.05,132.05,1,0
20241009,183500,132.14,132.14,132.14,132.14,1,0
20241009,183600,132.19,132.19,132.19,132.19,1,0
20241009,184000,131.98,131.98,131.98,131.98,1,0
20241009,184300,132.07,132.09,132.07,132.09,10,0
20241009,184400,132.12,132.12,132.12,132.12,8,0
20241009,184600,132.2,132.21,132.2,132.21,23,0
20241009,184900,132.4,132.48,132.4,132.48,2,0
20241009,191600,132.19,132.19,132.19,132.19,1,0
20241009,191700,132.27,132.27,132.27,132.27,1,0
20241009,192700,132.35,132.35,132.35,132.35,20,0
20241009,193800,132.51,132.51,132.51,132.51,2,0
20241009,194200,132.5,132.5,132.5,132.5,1,0
20241009,200100,132.45,132.45,132.45,132.45,1,0
20241009,201800,132.47,132.47,132.47,132.47,4,0
20241009,202700,132.4,132.4,132.4,132.4,1,0
20241009,202900,132.4,132.4,132.4,132.4,1,0
20241009,203000,132.4,132.4,132.4,132.4,1,0
20241009,203800,132.36,132.36,132.36,132.36,1,0
20241009,204000,132.3,132.3,132.3,132.3,2,0
20241009,204300,132.35,132.35,132.35,132.35,342,0
20241009,205200,132.42,132.44,132.42,132.44,15,0
20241009,210700,132.51,132.51,132.51,132.51,5,0
20241009,210900,132.57,132.57,132.57,132.57,5,0
20241009,211200,132.58,132.59,132.58,132.59,4,0
20241009,211300,132.51,132.51,132.51,132.51,3,0
20241009,212000,132.57,132.57,132.57,132.57,1,0
20241009,212400,132.61,132.63,132.61,132.63,2,0
20241009,212900,132.55,132.55,132.48,132.48,15,0
20241009,213000,132.48,132.49,132.47,132.49,6,0
20241009,213900,132.62,132.62,132.62,132.62,1,0
20241009,214100,132.62,132.62,132.62,132.62,1,0
20241009,214200,132.75,132.75,132.75,132.75,2,0
20241009,215100,132.7,132.7,132.7,132.7,1,0
20241009,215800,132.61,132.61,132.61,132.61,6,0
20241009,215900,132.61,132.61,132.47,132.47,7,0
20241009,220200,132.67,132.77,132.67,132.77,30,0
20241009,220400,132.65,132.65,132.64,132.64,7,0
20241009,220500,132.64,132.64,132.47,132.5,18,0
20241009,220800,132.5,132.5,132.47,132.47,5,0
20241009,220900,132.49,132.49,132.49,132.49,5,0
20241009,221100,132.5,132.5,132.49,132.49,4,0
20241009,221200,132.53,132.53,132.53,132.53,5,0
20241009,221300,132.52,132.52,132.52,132.52,3,0
20241009,223600,132.7,132.7,132.6,132.6,11,0
20241009,224700,132.72,132.72,132.72,132.72,8,0
20241009,225500,132.78,132.78,132.78,132.78,1,0
20241009,225600,132.69,132.69,132.69,132.69,8,0
20241009,230000,132.79,132.79,132.79,132.79,1,0
20241009,230100,132.79,132.8,132.65,132.65,28,0
20241009,230200,132.65,132.65,132.65,132.65,1,0
20241009,230300,132.59,132.59,132.58,132.58,3,0
20241009,230400,132.57,132.57,132.53,132.53,28,0
20241009,230500,132.63,132.63,132.63,132.63,2,0
20241009,231000,132.63,132.63,132.63,132.63,6,0
20241009,231600,132.65,132.65,132.65,132.65,8,0
